342 45 142
909 55 130
748 42 143
671 25 46
408 25 2
629 53 70
423 51 110
746 35 83
855 38 167
466 22 109
359 39 171
328 41 154
199 68 38
655 41 151
606 65 130
772 57 149
602 50 120
242 44 11
131 57 94
782 53 109
952 52 40
667 32 86
113 38 94
815 28 6
406 58 95
695 60 74
968 62 15
338 41 35
784 41 45
845 57 147
575 30 99
955 67 162
918 29 146
362 51 46
297 23 123
149 45 94
174 35 104
168 28 27
94 59 86
586 32 28
346 39 10
539 46 105
307 33 6
857 48 165
139 44 86
133 52 148
577 51 11
419 40 37
201 69 29
14 45 125
175 24 157
874 58 107
403 30 110
41 28 162
1044 44 104
920 53 72
786 39 34
426 39 104
163 47 101
994 50 93
335 40 25
251 34 120
594 36 155
490 41 130
240 61 0
360 35 73
904 39 20
785 52 142
495 32 147
493 24 22
643 62 120
854 44 153
429 21 135
260 62 59
287 38 143
502 29 29
349 20 146
650 44 156
176 42 171
417 34 54
209 47 9
1013 59 164
800 42 28
394 47 24
306 60 72
886 55 168
250 29 15
357 60 67
579 48 145
110 46 41
210 47 75
649 43 101
489 34 114
932 63 120
1031 58 1
271 47 86
508 43 5
18 38 153
142 42 107
332 29 114
395 22 22
496 30 8
291 59 146
54 40 6
130 43 29
880 44 100
939 22 9
991 28 165
993 46 86
1039 66 68
648 56 16
701 48 36
1043 44 130
440 47 20
45 39 112
601 40 93
50 22 10
190 50 4
129 53 97
878 66 171
747 63 164
771 40 55
100 53 103
589 54 171
545 25 67
989 45 15
232 44 45
204 59 1
653 33 50
152 46 48
765 42 154
796 64 57
330 35 56
70 32 45
842 55 120
614 31 140
915 59 168
150 46 28
709 64 72
885 35 125
700 62 32
608 54 104
63 52 128
1038 63 61
180 27 146
805 52 47
411 64 112
574 62 14
1003 39 71
636 42 149
702 49 17
879 41 121
321 71 173
931 49 94
790 30 155
222 23 171
326 63 104
556 45 119
941 61 68
373 46 109
497 54 74
275 48 123
19 46 107
851 70 150
56 28 9
861 45 98
431 44 159
348 34 43
256 56 86
480 33 89
26 54 110
770 37 135
978 34 150
794 41 126
738 45 49
827 22 49
1021 36 100
61 41 170
846 40 40
65 38 27
27 39 167
690 51 101
876 59 68
823 46 125
79 31 37
53 50 170
85 45 171
640 64 142
427 32 43
600 57 82
455 73 134
714 31 122
973 46 34
933 47 45
834 36 167
1032 67 28
281 29 80
516 34 23
193 27 109
1041 60 59
864 58 21
542 66 120
544 56 42
684 66 102
239 36 162
576 39 171
450 52 49
563 34 57
197 29 3
211 31 166
98 40 2
987 66 116
788 50 150
1034 63 150
708 23 56
157 49 98
841 45 67
951 42 68
595 66 101
917 42 144
300 63 30
477 30 83
957 44 87
465 55 89
30 45 87
814 37 99
840 41 112
1012 35 113
229 37 91
598 41 32
740 61 32
689 59 87
569 52 114
833 40 107
2 48 68
171 40 18
248 57 146
327 46 171
862 47 68
441 48 119
875 66 86
504 37 81
105 37 126
1017 50 107
781 40 81
787 38 114
28 54 7
928 59 15
89 47 109
816 54 154
486 36 72
592 44 128
523 21 146
224 31 109
397 31 135
507 52 36
515 60 55
652 39 12
693 44 42
177 36 167
818 51 63
78 29 6
553 32 151
134 60 144
662 49 83
850 58 158
694 28 93
390 36 132
254 51 141
1030 64 160
974 29 61
153 43 160
509 66 148
29 60 102
661 66 48
319 48 37
293 34 16
322 33 153
1051 47 168
298 63 145
935 48 104
992 54 50
623 60 166
290 49 130
692 60 120
415 39 151
269 66 105
183 25 75
8 36 129
236 62 151
288 52 125
745 42 100
677 57 72
47 58 30
375 49 21
548 25 66
247 14 38
161 33 156
681 41 5
196 33 140
487 33 150
75 51 129
136 58 88
195 53 173
518 22 81
225 36 118
255 32 93
897 47 56
526 41 155
116 33 100
282 56 160
950 39 31
930 44 82
217 33 171
316 44 73
711 54 148
616 23 56
734 42 36
836 46 99
980 46 171
532 70 108
449 50 166
299 32 149
125 61 93
121 48 83
267 36 93
143 25 152
907 39 50
77 23 39
908 55 18
215 51 149
936 30 45
120 53 32
715 45 105
654 44 111
396 60 162
977 26 19
154 73 165
898 37 94
867 44 166
810 53 132
830 44 119
679 39 43
83 46 85
766 25 117
156 46 91
511 45 17
249 41 31
309 64 23
296 33 6
925 41 140
638 52 100
361 43 151
651 28 30
148 38 71
253 36 93
979 29 10
187 48 21
24 30 65
632 63 16
108 40 40
521 42 65
560 37 140
369 18 132
227 62 68
962 28 10
1009 61 18
200 34 151
331 52 127
399 67 3
354 39 156
587 32 151
611 58 152
170 61 22
972 45 102
890 57 173
754 23 151
627 29 45
809 58 49
642 27 98
571 56 165
99 31 28
760 62 31
444 46 104
884 21 12
716 56 42
280 33 9
945 61 109
67 21 30
329 47 108
737 43 164
837 51 159
791 27 100
663 41 93
946 28 98
954 54 153
916 63 107
733 70 112
1011 42 93
447 30 150
416 46 27
873 57 84
940 36 155
762 30 56
414 44 31
624 35 83
802 44 15
1047 55 65
944 50 17
323 36 106
856 41 27
529 32 106
828 52 168
618 58 37
522 56 112
9 36 104
510 39 109
272 50 112
305 53 129
230 33 122
340 41 166
1 47 114
1004 30 21
35 43 135
519 35 134
860 40 94
7 31 94
412 47 78
707 36 140
109 47 129
388 29 148
960 32 74
914 56 164
739 69 104
436 28 157
310 37 6
947 53 63
350 42 161
178 35 44
138 49 40
949 55 28
484 50 30
882 43 67
303 53 68
870 23 151
132 52 97
536 52 18
86 53 148
371 67 29
803 53 127
963 50 141
985 57 75
660 61 38
179 33 125
166 48 141
31 48 114
732 48 15
430 35 143
52 43 38
625 67 52
382 52 65
22 58 101
367 32 127
115 62 34
23 58 76
90 40 125
379 60 42
279 30 99
719 50 118
76 61 12
1015 27 56
485 13 16
669 41 87
353 51 99
853 38 147
913 35 123
871 64 120
859 36 96
804 46 67
911 44 129
783 53 43
657 40 43
380 57 144
141 36 106
557 68 149
609 62 75
1057 60 62
88 62 11
1055 53 168
51 39 93
111 63 37
277 38 16
551 20 15
723 32 114
512 42 16
273 61 103
283 31 171
4 42 13
727 33 83
813 51 31
107 64 98
337 57 143
718 42 104
735 35 65
44 40 30
938 46 89
351 35 107
731 28 28
218 34 86
459 41 171
891 64 75
838 34 19
383 58 128
169 46 114
258 43 73
84 60 109
812 56 128
910 65 84
284 39 12
186 44 30
213 47 12
547 45 160
630 40 11
752 61 113
742 37 47
64 28 56
966 43 104
185 51 79
858 41 138
472 34 45
311 36 144
552 33 16
808 37 160
304 48 167
934 42 59
999 27 3
753 47 14
665 26 22
743 60 74
398 50 18
728 58 32
826 30 20
825 39 122
366 57 72
1033 50 157
1008 37 4
391 22 134
389 57 41
777 40 139
226 37 149
167 62 82
135 57 27
15 73 84
262 30 10
285 40 104
555 29 145
573 44 87
145 26 27
843 61 74
420 33 57
165 35 29
578 34 166
344 34 94
6 43 75
318 39 30
514 43 114
409 32 12
345 51 94
96 44 151
216 30 83
761 31 11
686 43 37
418 50 147
462 47 106
1001 56 12
995 53 128
119 46 153
705 39 108
202 48 171
244 52 31
404 36 143
605 40 100
347 60 120
184 43 19
434 48 39
975 40 94
883 42 11
478 70 164
691 35 95
829 28 143
580 39 114
294 49 152
789 20 106
895 38 39
535 35 150
1024 51 131
513 66 120
181 71 104
69 70 137
320 34 69
368 32 16
559 36 1
16 54 109
114 46 155
703 36 27
5 24 43
261 38 85
998 39 147
159 34 67
93 27 119
317 39 14
483 31 31
562 44 28
795 51 167
192 34 94
706 65 46
822 63 162
964 46 146
97 41 151
385 58 30
666 49 1
1025 65 35
744 39 106
48 40 34
919 67 172
986 53 154
33 42 123
682 38 6
424 43 80
82 30 19
983 48 73
270 63 59
921 39 110
479 53 76
849 51 45
824 61 45
393 46 4
688 30 105
603 53 146
1002 53 109
927 50 60
969 36 147
839 58 4
25 37 55
1035 47 93
538 44 100
292 59 67
696 21 171
207 59 165
912 46 112
807 46 123
333 20 151
620 46 132
835 51 75
422 52 154
988 61 29
1007 37 103
817 59 56
66 41 107
543 50 55
439 62 86
958 37 103
584 65 162
72 49 149
763 42 119
17 62 155
158 29 11
676 20 57
970 30 99
34 50 44
894 54 79
378 39 43
432 70 100
528 36 134
339 45 47
471 55 107
223 69 67
831 40 160
900 37 30
49 40 31
392 30 159
358 31 93
1005 36 74
637 25 67
278 33 5
889 43 168
540 36 112
903 47 24
1018 72 65
38 28 151
301 53 87
445 58 44
503 35 43
468 31 10
381 53 40
572 61 90
219 64 100
73 33 104
456 63 148
517 32 5
922 45 102
724 40 19
1053 49 29
467 35 146
500 33 155
1052 64 22
188 42 148
628 52 162
877 67 72
1010 30 87
758 69 19
276 59 108
259 55 164
769 60 93
906 29 18
585 42 14
722 35 89
501 53 99
1016 33 165
1040 36 94
981 49 7
612 69 116
324 40 104
530 59 29
488 58 50
635 59 168
751 65 134
736 16 130
524 44 43
289 34 122
458 22 12
81 43 81
313 28 94
144 50 68
863 22 16
792 55 119
717 53 42
74 33 6
182 52 102
451 35 12
554 53 37
189 47 166
453 45 103
469 61 84
797 30 142
437 44 12
274 26 104
1050 40 74
905 49 27
372 39 35
672 64 57
95 61 112
564 62 16
757 30 112
12 47 67
821 38 164
410 68 106
646 29 45
160 45 56
832 65 31
793 60 98
865 36 99
937 51 88
982 57 164
37 47 57
956 32 36
146 29 56
678 63 68
21 37 45
820 51 151
241 37 151
942 38 4
39 62 17
1026 41 156
457 14 44
976 58 76
1028 53 150
266 39 6
565 62 17
492 66 143
118 59 155
234 37 146
520 40 15
252 37 6
384 31 27
57 44 41
1029 49 165
334 52 67
697 49 20
570 65 45
756 44 112
720 33 56
615 54 90
959 67 8
454 40 126
474 39 104
1022 50 128
341 52 121
902 41 114
10 44 6
482 30 159
352 59 155
356 50 84
776 39 65
103 48 118
798 39 143
286 31 145
899 33 6
20 31 116
221 36 129
852 44 20
128 57 66
127 58 130
126 56 105
668 25 20
566 22 56
659 46 99
1048 60 69