10158 67 170
1795 63 65
342 45 142
9897 31 140
9073 52 8
5732 59 109
8336 42 49
6520 22 12
909 55 130
6659 54 87
6097 45 112
9396 40 111
2559 28 6
9643 40 130
7470 34 143
4039 19 45
748 42 143
5562 69 47
3283 49 142
1984 36 79
1687 42 171
671 25 46
2705 66 137
408 25 2
7491 36 121
7956 24 43
2907 62 94
1414 47 116
3762 65 101
4254 70 127
4097 39 18
6077 34 93
6322 42 147
8509 40 123
3085 49 71
6002 44 82
8184 39 81
5961 46 15
3720 30 134
2463 36 123
629 53 70
8203 45 164
10242 64 91
2413 62 15
9604 59 164
3477 61 5
2721 42 101
1873 39 42
8346 33 73
5526 37 105
7324 52 10
423 51 110
9712 61 17
4875 64 49
4259 33 81
4325 42 11
6736 51 75
746 35 83
7327 67 169
8212 60 74
3688 66 38
4339 57 29
8539 18 18
2637 66 31
9141 45 66
8182 50 124
3675 59 50
2748 53 15
1110 60 128
8217 30 155
2335 63 170
4837 44 148
9300 68 86
2804 46 40
9885 27 22
10190 33 171
4451 51 171
855 38 167
2482 63 48
7250 38 130
466 22 109
4099 57 168
1920 50 87
4954 64 12
3279 45 110
3854 39 146
359 39 171
3787 35 150
4765 40 91
7155 55 108
5915 56 149
9831 44 86
10060 52 130
3713 38 147
5848 59 29
6094 59 16
328 41 154
5488 55 106
4007 62 154
7190 49 111
6761 40 135
1599 28 114
10123 25 43
1298 69 15
9101 46 56
6165 66 155
4576 49 17
10157 30 122
1180 28 9
2562 66 5
1417 65 33
8675 56 86
5284 64 104
6223 45 106
2511 59 11
2744 59 49
3936 31 94
4217 38 160
9308 41 143
9168 56 68
6614 29 134
9697 56 30
1493 60 39
7062 61 36
7777 50 12
7712 46 143
6003 40 98
2397 62 45
4961 59 109
1245 67 31
5247 58 94
4185 58 96
2603 26 87
8859 72 65
8849 32 109
7399 24 89
199 68 38
6525 28 83
2745 40 152
4101 40 45
9099 48 94
4732 37 148
9818 38 37
4326 28 146
4220 43 112
9565 34 68
655 41 151
2891 30 15
606 65 130
9790 50 146
2351 26 19
8916 48 149
9325 60 3
9936 34 133
6048 32 19
7466 58 122
3901 49 171
5079 64 55
9105 40 33
7416 44 79
772 57 149
6930 49 165
6721 30 16
8553 44 157
4517 50 151
602 50 120
3874 51 135
9385 37 83
3550 37 109
3358 30 6
2431 50 149
7692 45 45
4175 57 56
3556 20 97
8020 21 89
1993 51 97
6946 36 151
9008 39 87
9201 50 89
8622 45 100
3971 53 99
9284 49 28
2404 41 100
8012 59 7
7959 38 109
7605 40 43
9783 34 11
2846 62 3
8476 55 83
4702 43 45
242 44 11
4975 43 94
3652 52 40
131 57 94
9401 46 30
3596 46 23
2539 35 94
4468 69 6
1512 33 79
5296 24 95
4139 36 149
1854 66 82
7378 50 21
6594 29 55
10120 62 115
9419 44 8
7874 55 138
782 53 109
2572 30 15
2926 42 150
3632 54 74
952 52 40
4909 39 30
6509 45 72
3575 48 55
9796 33 80
7787 70 2
5516 63 132
8791 36 155
8296 49 36
7923 42 149
9539 41 173
6122 46 34
7281 49 120
1084 40 27
6588 50 95
5897 30 114
4916 44 19
667 32 86
4105 35 44
8883 44 169
113 38 94
5218 42 157
815 28 6
406 58 95
8032 22 45
2874 65 69
6348 62 102
9686 37 19
4499 57 74
7432 31 126
8704 36 124
4442 62 151
1748 39 169
5161 51 66
8988 57 67
8854 27 57
3351 62 109
2552 57 112
8382 40 134
695 60 74
1302 31 15
5121 63 137
2217 56 97
1766 70 150
8871 43 156
6936 17 106
8769 28 65
10045 36 146
9202 32 132
5623 51 82
2838 38 166
3368 37 130
2120 63 164
8300 40 68
8693 57 167
1837 24 56
3192 44 141
9598 36 44
8116 51 144
8631 51 45
7982 45 9
968 62 15
338 41 35
3611 47 130
2975 54 69
2023 23 110
5515 46 72
1447 21 22
1849 50 157
8107 46 19
5499 32 157
7531 45 74
2084 37 109
784 41 45
9725 64 94
1683 37 16
3441 51 51
1789 30 63
7622 30 20
4484 32 47
845 57 147
9426 47 116
6142 25 27
3983 35 140
2113 70 129
8679 45 124
3154 53 170
575 30 99
8380 19 135
4722 40 93
9313 54 112
3369 60 0
3272 48 74
8606 59 0
1252 49 158
3243 63 33
6349 33 171
8576 44 36
7302 53 45
1814 39 135
7458 37 30
3230 44 126
4556 41 22
2708 50 148
3770 57 31
6012 27 113
3105 47 148
7487 21 23
3969 60 120
7803 35 164
2440 48 157
3379 17 27
2749 50 168
8685 42 148
8291 53 37
8866 57 7
2179 54 101
2950 46 72
9968 69 112
5923 41 101
1652 51 19
7124 48 11
7274 70 120
2579 44 148
2544 52 73
955 67 162
9931 36 150
7149 55 42
5293 46 18
7806 33 12
3773 58 3
7423 36 4
3699 65 119
4776 41 11
9983 44 164
1680 58 74
6224 44 98
4724 63 29
2654 34 15
10078 38 165
2624 40 93
5902 52 18
7365 30 87
8857 42 144
5267 65 74
6769 34 93
5271 68 123
6871 60 125
2606 44 80
2534 33 125
6566 22 131
2578 41 68
5414 30 143
8920 34 55
5701 57 126
8167 48 15
7751 46 46
5018 38 109
6228 40 100
8896 48 74
9458 44 22
5622 26 56
1532 59 120
918 29 146
362 51 46
3890 25 56
8039 43 134
3149 39 124
10228 69 148
1912 50 48
3169 41 114
1616 63 7
3341 63 5
2017 55 126
4844 45 68
3311 52 67
5569 45 94
7828 36 148
2994 41 29
1118 44 129
7082 54 20
3573 36 151
9963 35 6
4213 55 65
1809 53 6
1390 30 12
4346 39 72
1656 25 15
10239 48 34
2918 53 117
8584 33 41
2802 24 55
2855 50 10
4472 51 6
5966 60 127
3624 47 14
9027 53 16
297 23 123
3158 26 10
149 45 94
3816 41 28
5928 26 22
8779 28 100
3536 68 1
7689 51 63
174 35 104
5166 37 134
6124 52 149
3893 36 135
2461 36 112
9564 31 139
168 28 27
3636 34 145
94 59 86
7618 70 98
6991 42 34
1142 40 32
8096 29 119
7128 73 162
7200 21 85
8264 61 74
6326 32 83
6824 46 87
2678 37 100
4225 38 43
7976 23 27
8721 62 70
6511 29 80
6683 36 94
2230 48 28
8268 22 93
586 32 28
346 39 10
5626 31 86
2760 26 93
7317 58 1
6564 36 118
1079 25 115
9887 62 161
2550 43 72
8280 29 133
1312 44 122
9052 46 127
2253 45 147
9834 64 171
3722 67 36
4807 31 171
8328 60 83
9896 43 159
539 46 105
7214 64 138
2925 64 100
307 33 6
4666 58 110
4538 54 55
6133 49 4
9256 32 73
3974 39 146
857 48 165
3206 38 99
7547 42 107
8401 48 150
10050 27 153
9946 33 171
9413 34 93
1824 58 33
3075 58 150
7010 59 18
2330 64 166
8087 57 167
4069 37 87
1662 58 146
139 44 86
2180 46 144
6318 27 6
7246 30 122
3202 30 30
3660 35 128
2535 48 27
8204 57 106
1624 33 114
6304 36 107
8694 34 143
3909 30 150
6131 30 159
7394 48 12
6797 40 149
4935 34 170
6022 68 40
5145 60 74
7312 36 31
9459 60 103
3258 58 18
4851 27 6
5644 50 65
2766 44 149
5025 39 12
1951 30 139
133 52 148
8403 30 12
7326 28 66
7106 44 68
8064 67 158
1670 56 50
577 51 11
419 40 37
3724 42 170
4751 48 135
3561 30 151
201 69 29
1227 45 164
6084 44 59
7974 50 35
9521 44 125
7954 65 60
2011 60 32
7296 29 146
8764 25 109
7881 53 161
8575 50 154
2425 49 37
6218 61 74
8490 33 47
14 45 125
9020 56 37
3604 63 69
2107 29 112
7499 40 77
3048 33 6
3597 46 84
2960 43 86
7464 50 62
1172 55 122
3481 39 107
1909 47 32
4243 56 103
6313 53 27
5567 46 103
8119 29 152
5847 30 107
9460 35 171
7775 60 166
7804 31 151
7104 39 160
8426 61 46
9670 65 30
4744 44 37
7912 27 94
2639 40 109
2061 69 24
9548 60 82
9559 27 31
8945 39 122
4119 63 124
6792 24 75
2276 44 121
1411 44 150
1541 18 129
4872 40 96
7615 57 130
3932 42 20
1192 69 48
6927 35 102
9165 24 93
1372 33 43
9776 64 112
4566 43 98
8519 44 82
1064 42 117
2094 35 152
4153 42 148
6596 47 168
2731 57 49
1074 54 144
8998 48 170
1402 40 134
1186 44 73
5565 26 18
9367 52 128
6347 67 28
6406 39 122
3297 60 93
4979 31 30
5314 62 148
7542 35 109
2378 62 4
175 24 157
6338 64 101
1628 20 44
5084 57 116
874 58 107
9815 60 106
8076 50 165
3205 32 100
2513 53 104
3495 33 102
6828 28 31
403 30 110
1210 59 45
10031 60 65
6184 43 164
3674 47 105
9391 44 17
9838 40 42
8317 51 171
6254 55 142
8155 69 38
4879 51 146
1466 26 131
4271 45 104
3520 39 45
4849 56 2
1777 52 151
10103 21 24
9883 55 118
1097 43 38
8885 41 6
10166 61 29
9213 43 128
2805 50 0
2634 58 22
9292 61 73
7879 66 0
6227 48 109
4798 56 45
41 28 162
5454 60 122
4957 29 44
2965 25 12
8958 28 109
9132 40 139
8021 37 171
1044 44 104
4118 63 37
3587 61 0
10080 40 107
3196 45 132
5221 49 45
6957 36 47
4877 38 41
920 53 72
1538 47 66
1377 66 59
5255 62 109
786 39 34
9055 48 137
4034 36 109
7444 32 124
1436 30 93
2868 47 146
1980 52 65
426 39 104
8973 49 37
7299 64 141
2803 41 86
2575 40 135
3736 64 29
3820 53 73
2451 42 160
1894 47 81
4883 39 117
2124 45 27
5568 46 36
7252 29 94
7697 65 79
4124 36 135
7917 29 43
2415 47 48
5229 55 161
9874 47 172
8438 48 94
7070 59 1
5918 50 0
9703 39 132
7566 58 128
1430 49 108
8034 58 149
3298 50 139
3917 35 10
7617 44 106
163 47 101
8581 47 170
994 50 93
335 40 25
7481 59 121
4334 42 91
1104 34 72
251 34 120
5819 38 66
8946 60 32
1956 43 45
3694 32 93
1159 42 107
5844 44 118
7405 48 100
7941 42 109
1725 39 158
8393 67 87
10130 66 27
1438 51 18
9297 41 73
4547 47 73
8447 33 151
8294 33 155
5948 64 3
6382 42 157
6329 42 148
8219 29 139
3923 67 144
1851 43 31
7748 63 45
5764 39 74
3301 68 49
9767 61 17
6527 25 18
7362 55 125
5758 63 119
4066 24 84
3474 39 27
6705 44 94
8572 41 45
8105 54 152
4284 30 122
4681 56 106
7603 51 167
1173 60 41
6625 49 140
9528 51 121
5167 54 65
1653 62 103
8548 31 151
3642 36 99
10092 56 144
3289 50 40
5781 46 59
8695 55 65
10204 34 100
2384 56 31
5895 30 17
2751 61 155
9135 42 17
3586 72 109
594 36 155
490 41 130
9353 59 51
6876 50 94
9452 34 81
2772 60 30
4706 39 109
4603 48 162
4160 66 6
2604 40 152
240 61 0
360 35 73
2055 25 153
9355 34 104
904 39 20
7359 31 106
8696 47 19
1529 44 149
8101 18 149
5706 66 49
8544 47 139
3123 49 82
10005 36 6
8709 49 160
7749 66 106
1989 61 143
6522 53 34
6657 34 130
4266 66 157
1112 57 11
7677 26 132
6742 61 33
3884 49 37
9106 50 31
8036 42 105
9533 50 126
5970 22 27
4748 46 142
4733 44 114
6271 69 49
1068 43 17
6069 37 68
4303 43 45
6164 34 108
5364 49 119
785 52 142
495 32 147
4335 45 162
6260 48 107
5998 53 172
9910 42 100
5780 52 47
5396 36 43
4040 51 101
7764 65 99
493 24 22
1559 24 147
10196 43 150
7851 32 140
1660 65 30
643 62 120
2570 67 123
7983 33 127
3009 42 57
4859 48 142
1963 57 145
9842 61 86
1666 63 113
4183 36 116
2644 44 55
9728 66 120
1267 63 35
854 44 153
7084 57 80
429 21 135
1877 55 133
9638 64 164
5003 47 165
7561 63 167
8889 56 4
2170 46 171
3581 33 100
10234 32 143
3626 35 108
9989 28 4
5733 54 125
1349 69 2
4652 24 145
3500 62 130
7334 22 100
7486 66 66
1123 47 16
260 62 59
287 38 143
9371 38 86
4865 47 72
5509 40 156
6328 33 143
4565 38 72
7644 40 166
10225 54 141
6530 37 87
7308 48 42
7702 48 11
502 29 29
3098 57 26
349 20 146
7602 43 114
4122 27 143
1671 61 37
8236 51 11
7554 52 127
6159 31 93
5054 63 49
9345 32 6
6397 38 18
8138 59 150
2735 63 171
5171 53 39
5007 52 141
2220 50 112
8126 51 131
10109 47 171
9244 24 56
4194 34 168
3910 48 140
8728 24 145
3113 38 87
9001 37 20
8731 53 98
4766 34 122
3384 37 125
1595 48 12
3015 46 28
7590 38 6
8050 69 151
7671 22 6
1833 15 171
650 44 156
9540 37 46
3487 38 109
1381 52 171
2033 61 135
1163 60 167
5725 55 149
5153 42 118
6185 47 114
176 42 171
2520 46 4
8354 57 107
6975 35 130
4100 40 101
8607 43 166
417 34 54
5815 42 125
8517 50 37
6103 49 126
8109 56 17
3779 41 19
1248 50 40
6589 32 147
1398 35 112
1253 47 8
9253 36 155
9414 51 45
209 47 9
1555 46 4
7316 27 93
3485 46 145
4832 59 172
2379 58 63
8903 52 99
4147 35 27
1013 59 164
5462 22 146
5232 47 87
2629 34 109
4622 48 152
4294 35 6
8275 65 135
6485 58 130
2673 54 6
4745 45 6
1710 63 70
800 42 28
3363 36 29
8559 52 67
1815 33 41
2085 57 121
394 47 24
9920 45 73
10000 24 22
6472 45 30
8069 39 43
5138 31 171
3084 29 24
1839 60 127
2532 57 6
9361 38 147
7264 71 171
8199 33 32
9151 27 151
8672 38 43
3070 44 45
9032 61 20
2234 60 35
5380 42 17
3166 30 99
7280 35 87
9220 61 46
9879 53 83
1739 48 45
3130 44 77
5013 33 12
5580 23 134
5793 31 154
2054 55 36
2105 28 86
4662 28 135
1787 53 129
306 60 72
6040 32 79
3747 29 6
9524 38 130
886 55 168
9480 53 130
9291 47 28
9917 66 144
4895 61 37
5246 31 29
1443 47 111
9422 59 167
8591 38 123
4032 67 138
6945 44 81
8166 42 123
1640 57 61
4523 37 19
250 29 15
3621 67 16
2078 48 47
4524 53 140
4993 52 14
8759 22 8
8292 52 146
3750 44 46
9635 50 29
2323 68 150
7195 39 46
357 60 67
3431 50 114
2192 29 29
3046 22 6
8284 45 14
5124 46 121
579 48 145
6898 40 77
6162 43 5
8441 56 171
6480 28 12
3499 49 140
4593 26 155
110 46 41
9871 57 107
7461 47 165
5209 53 168
1545 62 57
3686 33 151
9610 38 27
3758 30 56
210 47 75
649 43 101
4739 34 110
10232 18 125
8349 59 112
2714 48 89
4966 53 35
7008 45 27
6163 37 135
7469 54 143
1778 27 43
4952 67 172
5412 49 147
9844 45 17
489 34 114
5098 53 168
932 63 120
2191 47 66
9649 35 83
4353 48 73
1382 44 149
10160 53 149
7898 44 165
6994 62 127
7616 46 27
2325 61 18
4882 52 18
3833 46 1
2472 30 171
8234 52 14
6552 63 40
7759 45 100
3653 30 27
8912 39 129
9128 49 120
1031 58 1
8928 69 149
6042 61 120
9217 39 22
271 47 86
4224 55 17
3335 36 100
9966 52 156
5761 36 43
7800 57 11
5957 41 72
4057 34 154
7028 47 79
1564 33 171
6989 52 20
6355 62 0
508 43 5
18 38 153
8661 34 68
142 42 107
2675 32 131
4734 44 12
2110 51 36
6758 49 93
9363 35 93
5434 33 100
9358 41 93
9952 37 98
6219 15 107
4715 15 16
8333 20 16
8510 29 109
3950 50 19
3569 50 67
1140 27 151
4708 54 160
2216 30 19
7783 57 59
5726 44 37
3365 31 135
8385 32 146
8009 65 101
1242 45 37
7452 36 163
7755 70 144
2936 50 114
7739 37 143
8692 65 39
5860 62 150
3739 57 75
8738 38 17
2233 24 154
2412 51 37
2428 35 96
332 29 114
3830 30 99
395 22 22
7036 55 103
3528 35 82
1193 53 28
9285 43 154
496 30 8
10106 38 157
4299 27 56
8037 65 24
7172 34 143
1206 21 43
4555 40 56
291 59 146
7762 57 101
6249 34 94
54 40 6
9907 38 106
9808 54 145
9557 29 134
4469 48 87
1641 48 28
3433 63 12
130 43 29
7891 57 56
8810 32 151
8796 71 31
1831 64 18
6288 32 30
5188 57 113
880 44 100
2686 39 107
939 22 9
8797 32 109
4611 57 170
9488 48 40
1291 27 94
8279 32 16
9337 55 59
8844 64 94
991 28 165
1300 35 130
8992 38 45
993 46 86
3501 35 93
6794 62 164
8339 16 45
8479 31 93
5944 33 106
5629 14 38
2145 48 87
4082 55 94
5929 67 89
9715 41 84
5103 34 31
5327 48 31
2670 64 125
7863 46 135
9122 51 71
2875 64 47
3995 21 9
5729 28 104
3939 39 127
2317 35 16
1397 60 167
8188 51 146
8944 45 145
2655 37 158
6535 33 20
9939 63 142
1039 66 68
3067 44 17
8430 66 99
6855 38 6
8614 33 80
5214 53 124
3847 30 114
6078 65 148
648 56 16
3312 14 135
1266 34 94
6295 37 55
701 48 36
2853 52 66
2886 46 44
9024 37 36
5210 58 15
9351 58 133
5814 46 36
8554 58 102
3858 28 12
4667 56 112
2450 67 11
5696 37 20
7304 57 100
1998 45 155
5094 52 98
7142 59 33
4585 52 15
2632 36 127
7173 66 104
6777 31 1
6831 72 143
1043 44 130
5964 26 82
2567 49 100
1509 65 1
9553 36 73
4534 61 167
440 47 20
6054 49 165
7757 46 153
2398 51 164
6230 43 125
45 39 112
1786 55 95
2545 54 31
4237 50 127
3656 41 93
601 40 93
8176 42 9
9786 53 18
3512 58 105
8489 60 29
4526 42 36
5539 62 146
8963 34 30
1165 66 94
50 22 10
5517 54 6
9517 53 82
1070 32 17
1405 57 97
1962 63 147
3514 33 32
8785 53 112
1129 22 149
6569 37 112
2982 36 145
2414 51 45
190 50 4
8063 41 73
3973 44 109
7774 56 32
7427 30 45
1124 17 127
7114 52 43
9495 23 16
7942 38 33
9814 48 143
9647 37 23
5612 51 120
8059 44 49
7103 54 81
2902 36 31
4962 45 148
7489 30 94
3883 61 0
5137 34 102
9322 37 94
5635 32 94
4597 47 82
3801 45 7
9229 53 42
8130 42 19
6373 46 87
9774 62 6
5405 28 14
2988 68 14
2163 39 114
7585 44 26
2974 41 160
10119 41 9
7485 34 143
9880 61 149
5645 33 125
6925 39 160
5727 65 128
1191 44 160
4172 56 164
5147 30 101
8930 53 131
7279 37 106
9193 61 128
10183 26 19
2437 31 148
2406 45 146
9817 38 119
2295 37 10
7271 45 16
6656 34 99
5973 64 151
8985 39 100
3776 50 158
8507 43 35
5663 71 84
2992 39 8
2138 31 12
3952 49 106
6631 48 130
9150 34 171
129 53 97
6000 24 56
9736 27 107
7680 52 135
9552 64 54
8586 25 37
4764 66 4
3593 38 148
9937 41 107
1554 48 86
8600 50 172
8580 40 99
9953 53 107
7933 55 90
1526 69 165
2401 42 165
3411 59 59
8911 35 83
3567 43 9
4321 59 74
2071 28 151
9711 56 105
7738 42 168
3861 56 64
1212 62 0
3965 64 77
2493 67 4
4142 49 168
7901 56 35
3631 39 125
6805 73 32
2862 58 109
2236 69 86
5783 63 112
8865 50 44
6543 56 81
6489 41 87
1642 37 107
2014 38 149
8734 62 146
878 66 171
9154 27 143
2913 34 42
7850 25 29
3929 65 13
8708 39 16
1982 28 93
9088 67 50
8058 68 81
1479 24 55
5305 61 0
4460 42 146
1368 51 70
8091 27 145
4052 71 45
747 63 164
8321 45 127
2852 33 107
8055 41 95
3156 26 69
9631 54 42
9287 40 18
3293 62 90
4151 28 36
7624 40 16
3031 56 133
7918 67 31
7276 53 31
2505 71 86
771 40 55
8902 58 103
9681 62 43
4301 66 78
4737 34 65
6337 32 94
8688 30 167
4320 40 14
8272 48 144
9490 49 82
8837 32 122
2558 33 43
6635 21 11
5830 40 125
5703 16 128
6795 31 171
9663 31 53
8814 69 173
6688 33 171
3682 47 87
8278 53 28
100 53 103
10168 36 103
3164 40 46
9183 52 145
9769 29 171
2165 26 127
7829 42 89
6041 72 103
2827 16 38
589 54 171
4398 70 26
6839 61 74
2371 34 134
6751 47 93
545 25 67
9093 61 166
8287 36 108
3712 40 149
8160 56 129
4704 48 171
5666 32 69
8512 38 106
5485 44 99
7311 35 41
8169 39 130
7159 43 68
7015 61 125
7658 37 100
4902 60 0
6448 32 99
6401 64 129
8282 41 30
3253 61 48
8638 39 124
10017 31 105
6837 59 124
6186 61 0
4129 50 112
5537 53 67
4743 68 65
9468 38 151
1231 49 72
6498 31 43
2002 37 32
7517 62 45
10151 33 153
7967 57 92
8347 63 36
6205 34 94
5170 24 68
1274 45 127
10003 38 165
5795 52 44
7707 46 100
5319 52 50
2393 38 113
1270 60 145
3592 41 130
3162 24 100
989 45 15
7958 53 87
9035 36 146
4574 50 29
232 44 45
4218 48 94
9816 34 87
3318 42 146
3922 49 90
1910 34 100
4087 50 106
6265 45 107
2835 53 22
9104 41 94
9268 49 166
204 59 1
6642 31 94
8305 45 168
3637 33 30
653 33 50
6243 66 14
4985 62 139
9750 68 108
6687 59 5
5594 47 147
6400 42 0
2232 64 113
3572 49 118
1597 35 100
5616 59 43
9864 62 151
8546 26 100
7994 37 49
5995 51 124
4532 42 87
2043 45 100
3541 39 120
9889 58 93
8878 47 31
4436 32 135
3683 63 18
6070 56 5
5100 52 44
4060 54 1
7719 47 6
9169 44 149
1483 41 135
8057 34 43
4046 61 96
7589 34 155
152 46 48
9046 34 96
2169 66 164
8456 54 20
8417 45 93
765 42 154
4638 42 55
4716 60 74
7437 24 4
10081 37 171
9930 14 125
5864 24 19
4260 41 47
3718 45 143
9718 49 18
6116 43 30
10029 54 45
8227 52 86
4482 71 149
1825 33 58
3719 41 130
7042 47 35
2826 49 41
9531 55 87
3976 44 57
6362 68 62
796 64 57
9348 42 172
9016 38 73
1273 37 30
8604 44 109
4759 22 94
4624 69 106
1494 53 48
8104 44 168
8492 35 12
330 35 56
3479 21 22
6852 48 161
1534 50 9
1424 32 50
8025 25 114
1515 54 6
2334 25 94
5802 65 57
4826 31 129
6098 31 143
9366 39 106
3489 37 112
8836 60 81
2082 31 94
9985 69 90
5341 56 80
8568 37 141
4606 50 164
1770 47 152
1674 34 94
1936 28 106
1111 47 27
6608 33 171
4273 66 106
10038 53 24
7650 34 112
8718 58 1
9839 67 64
1771 56 16
1122 46 15
2911 50 7
7398 31 31
7218 52 134
4255 57 49
8407 58 164
2235 47 109
5821 47 68
6618 57 128
2056 40 29
6110 51 165
5774 54 170
9849 52 47
10237 45 24
6468 47 164
7663 36 6
3419 36 9
8422 56 172
5882 32 152
5135 65 150
4156 38 37
9390 34 27
9543 36 146
9623 42 16
7344 37 65
8757 47 19
70 32 45
4913 26 9
5707 61 46
7091 61 74
6947 35 95
3698 54 12
8534 44 8
6834 32 143
5409 23 68
3134 53 81
6440 52 71
3948 65 151
2466 58 40
7351 56 55
5156 44 49
5234 50 144
5743 50 121
4261 60 14
842 55 120
1813 61 80
1259 40 10
3281 61 90
5849 61 112
8744 53 117
2597 25 133
7638 64 30
5144 34 2
614 31 140
4621 48 121
7521 49 15
3634 46 147
915 59 168
8733 56 79
8118 52 30
3259 49 106
1063 19 20
2951 49 122
2660 52 35
2616 32 8
7885 35 31
6704 61 173
150 46 28
5076 57 49
3673 56 83
6332 48 114
7075 37 110
10236 28 103
5779 55 130
10184 56 29
9095 43 160
3599 25 106
6128 69 101
4527 56 134
1184 64 87
4819 34 135
4059 44 157
4426 28 56
4899 61 47
6334 40 39
7633 43 119
1631 65 116
2921 48 75
1370 57 128
8211 48 21
5835 40 135
3150 51 55
8201 37 171
709 64 72
5451 64 129
3000 37 107
4248 39 20
9967 48 4
7608 40 153
3212 51 149
2182 50 46
9076 40 122
9114 41 55
8482 38 109
3885 39 125
5664 49 82
7143 51 109
6883 31 95
10212 36 56
3728 30 8
885 35 125
8666 42 110
700 62 32
5237 21 5
4999 46 17
6995 44 66
4587 47 171
1223 48 97
9597 55 72
6277 48 125
608 54 104
5419 59 168
5817 58 129
6764 53 126
9197 57 94
6191 45 47
9823 52 114
7090 58 45
8177 59 154
9619 55 52
7598 21 67
1096 50 40
10072 48 1
9326 61 107
6573 24 6
4456 31 18
2162 67 50
1177 34 143
4525 33 114
2938 39 86
8433 53 146
9744 20 125
5787 46 73
1992 42 171
6877 48 16
5162 39 18
6473 61 109
5563 30 151
5163 34 97
1409 57 52
6503 48 120
4542 31 124
1637 47 35
2247 21 99
5320 67 160
6748 48 81
7133 53 101
6167 28 74
7789 29 145
3991 53 14
9658 40 151
4429 47 172
1794 48 171
3013 26 56
6461 26 123
2444 25 56
5389 41 106
3535 31 135
7672 46 38
8770 48 129
63 52 128
7419 60 119
10074 22 43
1804 38 107
6287 40 43
9176 54 91
3097 58 41
7619 41 121
5975 62 155
5987 57 17
7587 43 43
1038 63 61
9318 52 50
2510 58 130
2649 35 4
180 27 146
6428 46 145
4612 63 103
4506 29 15
5429 42 59
3896 62 127
3367 29 114
2438 26 55
805 52 47
8062 55 18
5566 51 53
411 64 112
5657 37 39
574 62 14
9513 52 123
7798 40 41
1790 54 102
5044 60 149
10034 55 94
9882 50 56
5200 42 111
5392 52 166
1734 46 168
3934 29 8
2140 39 40
10086 57 134
8714 44 164
2822 38 78
5769 28 112
8362 36 33
1318 36 27
3829 55 1
6494 33 28
8035 45 140
2045 27 148
6284 54 6
5514 56 32
2569 62 94
9925 41 150
5512 15 133
3389 61 72
4293 54 82
6574 60 160
1003 39 71
8215 47 167
10155 37 83
7147 46 105
4383 55 143
10022 38 143
8173 30 114
3244 48 130
7259 20 11
4073 61 138
9299 49 148
1353 65 7
3310 36 45
7625 43 150
10110 27 85
9873 56 82
8585 50 110
2823 33 93
1689 43 100
6261 63 112
5301 63 138
1782 37 145
10040 28 133
1341 58 45
5744 57 122
2830 42 55
2701 56 60
8332 60 167
3810 68 89
6464 64 171
2955 30 33
6121 32 93
4108 36 31
636 42 149
5595 58 5
7685 68 124
7931 35 2
8388 54 21
4718 32 6
7892 49 48
8071 37 106
6999 54 4
3580 61 46
6390 52 45
3219 60 37
6014 24 24
8312 63 138
5028 68 76
7243 55 14
9364 62 15
702 49 17
10067 20 154
6481 63 109
2728 69 152
7353 63 146
8822 48 101
5689 55 46
879 41 121
7594 22 6
3095 40 36
9537 57 7
4714 36 114
6645 68 102
4650 43 19
8299 48 12
9178 55 29
3742 54 20
3546 20 16
6019 36 8
8301 60 45
1732 41 23
9174 37 74
321 71 173
4102 43 128
2006 49 36
9596 33 149
2546 49 67
4787 40 145
9082 47 166
8530 53 129
8404 42 101
3475 44 124
8120 57 49
2479 64 53
2467 47 1
10069 47 149
7843 27 151
2860 57 66
9123 50 37
7426 50 9
7227 29 6
4514 55 66
6728 61 69
8281 39 99
8780 40 93
8472 36 45
8457 46 122
2901 46 107
9541 39 106
5381 33 94
931 49 94
10127 48 93
9800 40 145
790 30 155
2601 49 126
222 23 171
10170 45 142
8748 30 109
8315 45 82
9908 48 171
8289 54 154
8186 28 82
326 63 104
7844 36 32
4314 52 29
6370 52 149
5997 59 72
6011 54 82
1215 68 27
8807 16 59
556 45 119
941 61 68
373 46 109
7069 59 27
8598 46 55
2067 26 114
7686 31 119
1061 39 121
1692 46 84
3887 59 170
8485 25 106
9970 51 147
1896 41 171
8613 37 55
2527 17 100
4070 38 31
497 54 74
2922 25 67
9189 64 148
275 48 123
1946 15 119
8358 68 35
9252 25 132
9961 64 85
1146 36 27
9115 57 81
6675 40 56
4828 56 20
19 46 107
851 70 150
9090 24 55
4852 58 114
4016 45 103
1137 61 0
7947 71 59
7000 54 118
6600 56 22
2136 46 154
3309 57 31
3225 42 122
3266 62 164
6071 55 43
5910 32 114
2474 65 50
3914 33 56
5149 45 119
3944 58 143
6387 28 109
56 28 9
3395 41 99
5080 32 94
8074 67 65
4886 57 72
4519 40 155
1979 72 120
861 45 98
5881 64 15
1596 46 14
2375 44 70
7934 41 37
431 44 159
348 34 43
4128 52 171
7760 45 124
3204 47 145
9230 28 56
7736 47 75
7681 64 139
256 56 86
6439 49 84
4115 56 156
8436 29 98
9515 48 44
6626 34 94
3320 58 78
9048 70 172
5286 32 155
480 33 89
26 54 110
6709 43 149
7548 70 172
6506 61 61
770 37 135
2333 55 164
978 34 150
8758 41 15
6106 32 143
2640 33 71
1345 56 14
5114 27 171
794 41 126
1082 61 101
7497 66 48
1796 70 110
738 45 49
10165 38 146
827 22 49
5117 54 9
1161 44 62
8610 31 56
8569 52 44
9248 70 30
1021 36 100
4146 52 6
1216 32 56
2516 38 109
4890 34 139
8888 52 80
4076 30 129
7406 38 43
9964 36 127
61 41 170
3089 41 36
8443 43 110
6046 60 168
846 40 40
65 38 27
9127 54 144
1953 38 130
6405 57 167
7484 45 167
1964 47 71
9428 32 151
27 39 167
2551 66 30
5992 57 125
7034 44 122
6542 32 17
3014 35 65
9359 62 145
7498 31 151
3511 41 56
1360 46 93
690 51 101
876 59 68
7916 34 112
9237 38 45
2845 34 144
8409 30 152
823 46 125
4670 60 74
4901 60 172
6857 51 157
6738 27 132
4232 45 144
4197 56 109
2204 33 6
8026 43 32
79 31 37
5313 58 51
7184 30 10
6398 46 164
1251 35 106
2498 60 120
6790 62 98
6928 44 29
6662 37 86
1332 48 29
1141 43 66
9200 63 121
7797 46 171
7733 33 6
53 50 170
3774 57 72
5660 52 87
5198 69 37
9554 46 120
4476 34 109
6025 45 104
6821 59 148
4600 39 47
2808 31 143
7742 39 21
5453 62 143
6647 51 39
6153 32 31
1450 48 104
85 45 171
3892 17 12
7021 39 106
9951 36 160
8153 38 105
6554 41 148
7600 67 102
9261 42 145
5415 38 28
1130 51 65
9034 56 6
640 64 142
4410 46 43
1817 29 31
3210 43 131
9118 64 75
6256 45 43
9343 63 53
427 32 43
600 57 82
8847 43 8
5786 31 45
1537 29 21
5348 56 19
6627 50 99
8189 52 93
455 73 134
9473 47 114
7767 41 146
1821 37 106
1486 58 112
4511 53 45
1605 43 125
5258 60 99
4437 36 100
2356 33 83
7420 25 17
8386 44 146
3814 51 8
5260 17 125
3513 31 11
2125 47 43
714 31 122
4422 33 161
4869 47 15
2177 54 119
6810 53 149
4212 61 47
4862 41 152
7883 27 94
6689 45 28
6652 36 94
6801 24 12
4817 47 156
8431 38 123
10206 49 118
973 46 34
7504 37 112
2884 59 157
9394 68 19
3691 55 57
9824 64 145
2927 59 60
933 47 45
834 36 167
3578 72 101
1822 53 102
2806 37 94
7417 52 172
5611 57 45
7373 36 14
6090 28 106
1032 67 28
5919 45 69
7453 45 17
281 29 80
2449 62 104
8615 68 75
1958 48 118
1477 56 26
9449 39 56
2844 61 74
4389 59 30
4944 24 116
4018 35 93
516 34 23
2063 52 171
3240 33 146
1922 38 129
6117 49 164
5734 65 69
8949 63 85
193 27 109
4711 40 55
2115 30 135
2237 59 172
3999 42 45
7607 58 66
5036 46 164
5974 36 19
7057 30 165
8162 69 86
1041 60 59
2903 62 59
8158 14 146
4005 39 103
7550 42 20
9875 47 127
864 58 21
542 66 120
8237 60 94
6749 47 65
1556 72 159
2073 39 171
8874 35 11
5751 32 110
9209 45 87
7465 49 20
7208 34 162
2250 23 1
4981 48 96
544 56 42
9583 50 47
7165 54 94
9478 58 89
5060 49 40
3726 39 125
7586 51 43
9717 49 101
6578 48 144
4948 63 148
7370 65 77
8821 48 82
6922 57 20
2405 63 86
2715 57 91
684 66 102
239 36 162
2195 30 94
7953 34 107
5605 45 156
2000 37 6
8536 52 28
9905 43 126
1403 49 59
2730 50 128
6477 33 132
5158 45 54
7044 37 149
3088 40 66
7343 65 90
6680 33 146
5356 46 79
2042 52 115
576 39 171
8355 58 114
4889 36 147
7914 28 43
3549 49 164
450 52 49
563 34 57
9761 38 149
1805 63 29
3872 45 115
4953 42 75
197 29 3
2712 40 68
5480 23 30
4910 39 68
9097 65 33
9603 42 68
6499 68 160
8368 39 134
9023 30 94
5558 45 99
3350 52 32
2914 67 160
9599 40 150
10023 40 164
8702 58 59
7031 51 99
2492 54 43
211 31 166
8242 53 170
4015 39 86
8892 48 162
9400 25 158
8370 60 37
6424 61 32
6788 65 129
1418 29 94
9259 44 146
6278 44 83
98 40 2
1081 32 55
7193 45 129
9330 61 93
7856 36 26
987 66 116
7637 31 109
4520 59 1
1842 36 130
2037 34 20
8735 52 76
5676 46 103
2879 42 43
2087 34 135
7448 52 84
4616 39 149
788 50 150
1871 30 3
1693 58 0
5952 58 45
1034 63 150
3462 49 45
708 23 56
1385 39 154
2912 60 43
2707 48 148
157 49 98
5092 46 43
2566 60 102
2811 59 32
2501 39 16
10015 42 42
2005 47 70
841 45 67
9734 36 146
3471 29 56
8029 49 53
4906 31 100
4741 47 125
2066 50 102
2380 31 135
3170 51 123
1171 23 8
8406 36 147
3589 59 15
6644 64 90
6189 63 123
2409 70 21
2969 31 125
7228 16 8
4797 49 147
9856 42 93
951 42 68
8543 42 72
9720 57 139
9190 52 43
9182 50 109
595 66 101
5192 44 157
5177 30 135
7287 52 135
9029 47 91
917 42 144
2585 50 31
6433 40 107
4619 72 46
9791 48 82
9245 31 5
6451 58 55
7723 69 87
4676 57 129
1157 51 54
8122 54 0
5448 38 11
8760 61 66
9669 44 127
8933 63 10
7179 52 144
7148 49 22
5326 30 171
7059 42 1
5808 58 106
300 63 30
2062 26 45
4375 57 157
7565 44 106
477 30 83
6415 26 114
1861 28 57
3285 48 109
4987 49 18
1723 29 127
5402 59 49
2160 60 97
4758 54 56
5994 59 56
9251 36 164
957 44 87
3346 53 149
1668 34 171
7652 59 120
7289 34 112
8680 40 107
2039 29 20
9157 71 6
3882 33 19
5000 63 43
5912 33 134
9544 60 112
4092 40 45
1240 48 135
3697 39 59
8809 48 79
1474 45 168
5160 44 21
9109 35 160
2775 30 109
465 55 89
6637 38 5
30 45 87
1859 44 28
9494 47 127
8239 44 152
5029 44 30
8052 34 47
1187 53 20
814 37 99
4785 59 126
3099 31 150
8421 64 49
8084 37 129
2411 37 134
8325 31 11
8273 44 121
5031 46 147
840 41 112
2226 20 36
4980 56 121
9759 39 22
1127 61 18
9612 62 0
8724 58 144
4361 61 32
2221 58 126
2285 56 101
2813 44 81
1012 35 113
7314 34 12
9506 39 129
7528 27 114
4188 64 8
3582 44 104
8977 30 83
9747 47 46
3284 41 19
9784 62 144
6273 43 68
3518 30 56
4462 66 143
4292 47 157
1365 45 100
7121 55 46
3044 28 14
1746 34 94
1756 61 42
5051 67 85
4801 69 128
229 37 91
4843 47 104
6781 49 21
5342 38 29
3096 62 106
3221 59 106
3935 62 93
3356 43 116
6752 35 5
5241 29 129
5575 44 43
2312 31 146
8307 47 43
3601 62 93
2246 47 75
8205 32 155
598 41 32
5522 53 16
8656 57 156
2488 53 120
10143 25 106
7882 29 146
4978 48 124
8023 39 121
1088 46 160
5581 51 95
1727 35 129
8487 27 6
6174 38 112
7999 33 35
3143 57 90
740 61 32
689 59 87
6437 45 112
8174 31 171
5801 36 107
4628 45 94
3203 44 8
7146 35 154
2174 42 95
1069 43 17
2260 36 135
4152 34 135
7676 51 94
3280 60 1
6146 30 149
6083 39 143
9622 40 72
4214 49 106
3176 43 10
10231 63 67
8222 64 114
1501 28 171
6668 37 171
6612 34 55
3152 47 62
569 52 114
6964 41 135
1911 29 56
9888 67 46
9804 39 93
2010 45 41
1994 53 74
4191 41 6
5450 44 40
7300 34 17
5665 68 152
6829 41 55
2121 68 149
9707 42 18
5888 46 61
833 40 107
4012 45 103
2 48 68
9010 44 5
1469 45 41
8571 41 37
7322 22 109
7758 30 22
8699 49 131
2568 50 37
8286 40 15
6053 36 99
5413 38 46
3139 58 71
9211 60 168
4068 62 68
6584 38 151
2990 26 125
5631 29 28
6603 27 55
171 40 18
1582 41 81
248 57 146
327 46 171
9499 31 56
2935 54 121
862 47 68
5230 51 91
3607 39 43
3402 48 160
441 48 119
3527 25 112
7854 67 8
6651 39 106
1492 39 95
8366 61 60
2079 41 12
2154 44 45
8452 27 55
6380 60 166
1857 49 55
2331 32 9
5101 40 43
5980 34 2
7056 26 30
2020 62 32
7282 50 45
8134 62 102
7253 52 128
2943 32 49
8002 54 151
5430 36 109
7459 65 66
8019 63 102
8999 47 96
875 66 86
1351 65 64
1830 39 45
504 37 81
4678 34 155
6402 53 18
10117 60 150
4657 33 20
4464 63 54
6026 35 45
105 37 126
7765 41 59
9606 23 159
6212 51 38
9206 40 166
9722 40 139
7301 47 9
7392 57 75
8469 39 162
3553 72 173
3493 55 86
10042 48 86
1017 50 107
9310 57 107
1247 27 137
7118 51 109
3492 49 67
9714 39 16
7342 51 20
1222 44 99
4496 43 45
9077 17 12
1230 64 150
7815 36 56
8812 34 153
6371 45 40
3655 50 46
9570 50 47
8886 31 73
3598 27 105
8200 41 3
5728 29 171
4467 62 102
10175 53 164
4497 57 1
6910 39 82
4285 51 59
3094 70 9
1908 34 127
8411 67 37
7645 47 141
2547 38 164
5366 69 13
1371 25 85
7313 47 108
5201 16 135
3037 57 37
1445 32 140
4639 51 160
10179 24 66
9689 59 48
6767 38 146
6023 56 164
9397 51 106
781 40 81
3345 20 42
8121 64 104
787 38 114
4104 31 56
2824 60 166
6247 67 139
2887 42 27
6799 32 9
4984 60 0
5941 38 122
2321 27 8
6840 56 147
4989 53 0
5697 69 139
2694 71 69
2742 38 44
10088 47 100
5503 44 44
9758 73 19
2001 38 87
3217 41 99
9198 50 158
4749 32 30
6661 47 91
8097 35 152
8133 62 72
5111 66 163
3343 38 45
2668 40 56
4065 57 28
1971 25 94
3336 36 93
10131 64 40
2158 72 85
5078 36 17
5613 59 5
28 54 7
8918 46 142
928 59 15
7079 28 152
7236 54 38
8437 51 87
89 47 109
1665 48 100
816 54 154
7097 26 68
5300 34 23
5306 54 141
7401 24 27
2900 29 153
486 36 72
2044 73 65
592 44 128
4116 56 90
4025 62 53
5636 34 6
6701 30 109
7802 30 153
6275 54 158
9949 29 152
5598 45 137
2998 43 32
523 21 146
9595 62 168
9757 42 94
224 31 109
10007 54 101
9959 38 160
3352 55 104
6274 36 1
9516 65 75
9329 53 139
9833 49 122
4401 37 19
397 31 135
1078 50 74
507 52 36
3319 36 10
2648 59 1
2200 49 32
8786 68 59
3715 35 140
7455 19 126
2198 20 86
1116 33 8
9475 29 102
9332 37 99
5825 49 82
9683 45 81
4359 36 153
6138 55 39
3132 46 79
7223 40 68
8329 45 42
4366 37 114
515 60 55
8303 55 129
5012 60 144
6598 30 104
5055 41 24
3018 30 107
9196 41 43
652 39 12
2954 46 149
5393 23 139
9802 39 28
10057 37 3
1269 36 153
7515 26 109
7761 31 119
2152 42 147
4830 65 5
9654 55 25
693 44 42
177 36 167
2709 41 139
4881 31 129
9288 30 142
6479 45 73
1441 52 74
818 51 63
78 29 6
8206 52 165
2050 42 143
6305 63 37
7256 60 36
1428 50 93
2676 59 172
553 32 151
3562 26 28
7306 48 165
134 60 144
1089 56 102
1343 32 149
4008 68 29
1284 29 114
8496 49 36
5365 59 14
8197 35 17
662 49 83
7319 31 122
9556 49 102
6712 14 125
1609 57 21
5282 43 129
2783 41 42
8115 34 52
3851 40 114
7078 26 151
5262 67 5
7552 41 73
850 58 158
8191 32 73
694 28 93
2441 45 63
8260 47 145
1622 39 57
7776 26 122
6965 28 155
9743 39 171
6550 68 86
7350 57 86
4753 63 112
8232 60 64
4654 50 46
390 36 132
6884 35 89
254 51 141
4535 54 101
1030 64 160
5120 29 9
6367 39 103
7207 47 74
8969 48 9
4809 33 119
974 29 61
9215 31 135
9731 36 172
7809 50 72
9788 21 154
9305 32 8
7495 52 125
2939 20 23
6907 34 20
4796 29 151
8098 46 162
2633 66 43
8013 43 99
5133 47 145
7126 32 151
4125 36 68
7970 36 125
153 43 160
5544 45 45
5109 47 127
10035 41 56
509 66 148
8276 35 162
10241 49 76
7463 42 93
2834 35 150
6630 47 72
3426 31 129
9188 49 134
5833 54 120
8967 36 165
2718 43 146
6820 45 23
6276 56 5
4811 36 75
6937 46 119
2555 61 144
1600 49 149
2790 49 167
8033 58 36
7852 54 49
4126 37 75
4682 62 4
6363 42 106
7972 41 126
6996 56 99
8136 58 72
6966 45 25
6096 64 150
8506 18 123
1864 50 149
29 60 102
3340 51 107
5203 19 106
3483 52 139
8218 35 0
7872 47 156
2228 57 164
9453 42 94
3261 34 129
4977 44 167
7285 43 145
2361 36 27
661 66 48
2455 61 0
1972 22 27
2937 30 100
8400 35 12
6521 33 98
2682 31 171
2284 35 15
9678 37 89
4027 47 86
9828 48 49
8351 37 146
5862 33 56
2257 49 113
3027 61 83
8914 58 67
8185 34 143
319 48 37
8486 41 89
5549 39 105
293 34 16
322 33 153
6979 25 45
6504 61 114
3235 56 36
1051 47 168
9550 43 56
5935 35 171
7814 42 82
9078 45 36
1200 55 159
7446 38 43
6132 33 93
298 63 145
1119 49 14
5879 45 120
6257 41 18
1505 39 16
2432 43 34
935 48 104
8991 53 0
992 54 50
7570 60 134
5574 22 56
8556 54 65
5546 39 12
9062 34 93
5334 65 62
8625 53 6
3107 55 87
3565 40 110
9270 51 172
5174 41 24
6908 33 21
6394 58 157
9932 32 151
4079 44 43
8651 51 129
2460 17 109
7402 44 55
7277 62 171
3375 38 143
3080 22 41
8897 39 127
4583 40 68
7074 33 149
623 60 166
5363 37 132
6655 49 129
6833 45 45
2142 37 16
3316 41 143
4010 32 112
9000 25 166
3625 34 114
2836 45 60
3079 32 20
6177 23 93
8484 47 128
1243 48 132
2899 45 31
290 49 130
692 60 120
415 39 151
10203 59 76
1881 50 161
8834 42 106
7900 67 45
3745 50 5
4960 41 44
1536 46 5
7997 51 68
8983 41 161
5673 50 37
4623 55 148
5034 39 154
3790 31 22
7913 58 49
5890 60 101
1806 65 46
4876 35 85
8603 42 93
9568 67 149
4705 24 125
4349 56 126
4226 33 62
9059 25 9
3036 65 81
7662 68 139
8495 31 59
3255 30 80
2271 28 15
4934 36 31
269 66 105
5985 35 109
1626 32 164
7513 64 144
183 25 75
4822 39 31
9134 47 124
6217 26 67
4458 41 165
7520 48 124
3232 50 166
9282 36 26
4072 46 167
7660 51 140
10185 39 147
7242 33 74
8 36 129
9835 28 101
2273 42 149
3496 54 114
7175 59 94
8223 52 164
236 62 151
7988 68 125
1593 41 54
2075 38 102
4592 57 166
10216 70 137
288 52 125
745 42 100
6088 42 112
4360 28 40
2764 58 150
2038 52 26
3889 35 126
4518 69 4
3333 47 34
6632 65 57
8083 62 106
10011 29 145
7053 34 154
4017 36 138
5500 56 19
4343 48 43
8372 58 130
4241 30 6
4282 33 94
9038 42 55
9512 40 94
9664 24 87
1448 41 145
5507 43 8
7027 59 5
2092 35 16
3744 28 109
8207 41 119
10097 32 146
6140 55 167
677 57 72
2753 48 74
4640 44 151
5208 68 156
1513 29 110
4894 48 36
9241 43 108
8527 56 154
5224 60 16
6536 41 31
47 58 30
8690 69 172
9730 45 109
6606 48 125
1306 28 112
4396 47 160
9549 38 24
4495 23 20
4503 17 11
7361 71 106
10235 62 164
7772 33 81
5560 49 107
4347 58 146
7835 33 43
5047 47 150
1399 57 17
7673 31 94
10197 69 100
6571 45 65
375 49 21
9039 53 14
9727 49 125
3010 36 144
5148 61 29
6021 35 93
1336 39 32
2024 43 114
7387 43 36
7110 60 165
5599 51 46
548 25 66
8971 60 106
8410 33 171
2587 60 54
9484 69 50
5742 42 47
7483 71 46
6617 29 18
3213 48 70
2126 25 44
1995 28 134
247 14 38
5283 40 33
9637 28 47
2538 45 121
2427 53 93
5924 64 173
8193 71 5
161 33 156
6365 24 49
5261 40 147
681 41 5
7747 20 168
7050 46 124
7722 28 135
4833 22 17
4037 55 150
5373 61 74
196 33 140
3181 40 164
7154 28 148
7381 33 152
8955 42 56
6454 46 98
6056 39 72
3727 60 170
1313 28 171
9472 36 19
5244 55 125
487 33 150
9627 69 16
7801 64 96
75 51 129
1149 50 36
1138 54 86
4630 57 3
2242 43 1
5842 61 20
6633 67 143
8840 44 156
2631 39 123
9825 40 133
136 58 88
3497 66 163
5637 18 18
8504 56 88
195 53 173
4020 44 73
5609 45 37
3429 42 154
9768 40 145
6802 41 148
8601 56 112
1696 68 27
8142 47 5
7693 59 72
6417 42 21
8641 46 44
2584 39 149
2420 62 46
5993 32 79
3303 38 3
3188 31 46
2391 68 144
2373 32 143
8427 32 140
518 22 81
225 36 118
1735 38 125
9569 39 144
4738 35 99
7338 52 59
3494 38 94
2582 50 43
9184 49 5
2091 46 114
6932 70 94
255 32 93
7819 30 10
7794 37 56
897 47 56
5603 59 120
9485 72 144
1918 37 109
8588 70 46
1685 22 172
7713 65 28
526 41 155
8753 41 123
5561 47 25
1785 45 132
9111 26 16
9956 43 34
6169 24 151
1375 51 160
6057 56 44
5367 30 93
4847 43 47
3729 67 114
116 33 100
5988 35 68
9173 58 66
282 56 160
6125 37 112
2696 49 94
8776 60 90
10147 30 9
7574 55 106
1589 37 46
3760 46 39
7129 46 157
8117 57 146
7557 46 100
950 39 31
930 44 82
217 33 171
10226 33 6
9350 26 135
8644 44 148
6062 50 104
1648 38 6
6943 57 146
1457 61 164
1487 64 0
1299 47 8
5513 35 49
1752 40 28
2027 59 146
6356 35 75
4608 39 66
6944 36 74
8017 24 18
8952 56 72
2015 25 43
1547 41 99
9535 53 22
2688 14 15
316 44 73
4421 37 140
6049 39 114
9799 36 30
4673 55 150
7807 29 67
3618 38 140
3505 47 22
1552 40 5
6432 44 69
10138 60 43
6929 61 74
1906 34 67
2448 37 98
2272 35 139
711 54 148
1203 55 42
5959 33 93
5317 37 122
3504 62 32
7025 38 146
3825 48 28
616 23 56
734 42 36
7606 23 100
4806 28 87
3522 15 0
6299 40 93
9334 44 28
2318 50 33
1970 54 74
1935 42 148
10217 37 36
3725 37 147
2261 70 48
9881 34 102
4641 26 56
1518 66 109
3647 59 103
1703 31 68
10146 51 168
7556 35 109
7579 65 48
2942 52 48
1606 44 149
4541 39 100
1307 65 74
5316 31 146
8072 31 124
8383 46 105
7541 65 89
9470 26 27
2851 36 53
4388 32 104
8668 42 36
5854 45 130
4481 52 84
9167 48 35
9656 33 153
3951 38 149
5972 44 77
3678 49 68
7225 35 112
8016 49 137
6144 52 20
3446 47 15
7389 49 81
3672 55 36
6681 26 68
3050 49 130
9645 39 146
836 46 99
4231 55 123
7971 28 87
1569 42 61
980 46 171
8178 53 92
8602 27 170
4589 38 44
1762 56 108
6593 52 129
1517 38 151
6582 46 22
7116 38 27
2408 25 160
2487 64 49
1708 32 17
9884 38 19
2357 37 106
2605 58 36
9303 65 52
4051 54 74
3390 70 120
532 70 108
9320 64 164
9693 54 158
7938 50 129
9012 50 121
2457 42 4
6713 47 143
8103 29 129
1196 66 37
3782 51 146
5983 60 170
1955 44 166
7016 60 82
9763 21 135
8031 33 100
9278 54 147
3112 41 154
9904 37 100
449 50 166
5855 29 151
4035 39 6
1740 66 106
9145 64 173
3194 29 94
7320 69 37
8781 57 171
7040 39 15
5543 64 94
4998 30 157
5431 26 124
8405 36 114
9191 47 164
5850 54 114
3472 51 133
299 32 149
125 61 93
9377 36 8
5357 21 100
121 48 83
9429 44 84
3290 34 57
267 36 93
6953 66 72
3059 61 110
8352 40 72
5128 45 5
8876 56 82
8961 38 19
9777 26 45
2817 41 95
2923 41 146
6763 69 1
3733 67 39
2602 39 21
8180 43 129
4455 61 67
4165 43 45
7793 32 109
5670 33 171
4793 33 143
5671 68 29
5870 43 147
1611 31 129
3071 67 12
9022 56 171
8168 28 107
2291 56 119
4252 62 99
5866 44 148
3526 39 8
7785 18 30
143 25 152
6586 43 26
5597 31 27
3755 36 22
2536 44 146
3558 63 72
7109 60 73
8756 49 18
5610 27 28
7403 38 94
2263 41 156
4095 46 72
4106 39 40
4610 65 128
4649 52 37
9534 52 148
2270 47 20
8190 37 94
3200 42 3
3731 55 29
5425 58 72
2908 43 135
5449 38 159
3918 54 71
2820 52 99
8913 61 84
3681 46 41
1981 54 146
6386 63 46
6745 45 35
4893 62 120
2854 67 172
907 39 50
2504 53 82
8288 59 19
3277 53 43
3382 31 55
2394 35 107
1664 43 86
8327 63 29
1059 49 165
8061 41 99
4891 67 2
9454 36 125
7041 56 168
8863 36 171
7529 67 74
5927 46 113
3949 46 94
5498 58 18
5033 60 81
9912 51 152
3800 38 152
9990 64 157
8997 29 143
3780 14 155
8432 70 27
8595 43 3
1342 37 47
8313 27 20
7895 56 43
2057 62 89
8253 47 42
5285 35 72
5789 31 45
9356 24 15
1358 25 114
77 23 39
908 55 18
4278 59 106
8783 68 93
4620 69 72
8966 60 107
5951 51 166
9829 29 123
1412 60 42
1095 28 56
3151 38 94
9465 39 139
1934 64 33
7921 45 157
4337 44 164
215 51 149
8942 48 126
6765 43 171
2131 52 28
1319 52 91
10118 41 87
6381 53 104
2255 54 128
8416 60 164
1551 64 70
7382 62 142
8579 42 20
9137 40 72
3710 18 37
7186 31 171
1391 45 47
9993 37 151
6526 37 29
4263 47 93
2187 57 125
1470 43 125
9061 56 170
7709 32 150
936 30 45
120 53 32
715 45 105
654 44 111
6001 45 151
1311 32 106
5869 41 103
8653 62 144
2847 73 112
2245 54 39
1134 32 122
4763 46 28
2051 40 22
2096 72 162
2410 31 42
9636 46 15
9863 46 19
396 60 162
5724 21 164
977 26 19
154 73 165
898 37 94
9354 42 6
5885 46 101
7795 59 124
5976 43 71
8048 39 151
6004 30 146
2821 44 109
2594 39 115
10132 41 86
8090 29 8
5384 31 146
3136 73 128
7522 46 74
9161 52 17
5288 53 149
867 44 166
810 53 132
7926 32 148
9265 21 14
2300 58 18
9031 58 163
830 44 119
3193 65 164
7788 51 44
9388 39 152
6290 50 105
6693 37 122
8684 70 4
679 39 43
1249 59 172
3692 67 94
10004 63 140
6391 49 149
4281 42 109
4691 41 37
4234 59 161
8925 49 102
7668 53 90
6193 54 16
7599 67 31
4246 60 19
2477 42 107
83 46 85
8152 29 93
7661 46 126
8502 67 4
2114 34 105
766 25 117
9682 62 129
2385 33 165
1244 47 94
1310 48 110
156 46 91
8984 51 154
3374 61 0
9852 51 139
9500 39 27
4687 31 30
7076 67 49
8014 30 94
2671 23 30
5920 38 86
6410 48 54
2157 60 167
8144 43 16
1257 63 107
2241 59 109
1975 39 98
3110 40 171
10102 53 68
5505 40 75
1162 44 103
4084 54 94
9360 58 43
2920 34 93
6707 42 40
2814 18 43
7582 41 114
3444 21 154
2418 51 122
5016 42 109
3185 35 72
2227 32 9
3844 52 70
2308 28 109
9212 40 150
2134 36 72
4340 31 154
3609 42 74
511 45 17
1856 58 63
6766 60 0
7718 61 70
2316 50 0
5889 56 49
4756 27 114
1594 72 161
5141 43 0
8066 52 43
2613 30 45
8657 53 37
5072 32 135
3106 59 37
7509 49 171
1704 40 15
4123 62 43
6321 44 121
7790 50 152
6729 41 140
7205 61 60
5799 33 12
8755 40 149
4631 52 100
7120 68 142
2004 63 107
3967 52 173
8691 58 130
4323 56 50
6232 48 134
4613 51 37
3772 49 30
3001 58 32
1258 58 87
8475 50 166
4202 36 171
249 41 31
309 64 23
4880 50 148
4355 55 109
8980 22 106
296 33 6
4044 50 40
1098 45 65
5030 24 107
925 41 140
6502 53 160
638 52 100
361 43 151
3052 43 47
9483 51 61
6808 56 104
8862 44 165
6529 66 134
4485 22 43
9527 32 130
3630 31 129
8811 40 158
5090 46 20
8467 45 148
7551 49 118
6114 47 123
6093 56 106
10139 64 45
651 28 30
5217 32 109
5280 43 87
7178 29 55
5291 51 148
148 38 71
3826 30 129
4300 36 151
6538 45 104
9311 30 10
6306 34 106
9386 72 144
253 36 93
979 29 10
10107 40 172
3012 37 145
8471 69 28
187 48 21
2971 46 150
10083 36 82
2574 30 5
24 30 65
5238 61 74
6718 38 109
632 63 16
5617 64 23
2621 25 139
4812 55 18
5377 27 37
108 40 40
1324 36 109
2430 41 148
9502 30 133
7029 33 151
5251 26 87
4726 35 133
6755 45 28
7269 65 29
9223 39 99
9440 69 62
5458 48 159
8470 22 6
3256 37 86
2658 31 151
2315 21 9
1542 35 43
4781 36 45
6207 66 164
5851 45 109
1706 58 143
10202 36 47
8698 57 36
521 42 65
3590 54 157
4491 30 5
8674 41 6
6563 43 99
3420 64 121
560 37 140
2734 33 173
10043 27 56
7839 43 87
369 18 132
4296 44 30
10001 54 115
1823 44 46
5826 47 87
3337 62 142
9617 35 56
6650 64 162
227 62 68
962 28 10
3315 62 16
1009 61 18
5303 42 109
6202 62 20
1114 49 158
4368 55 150
8156 61 126
5126 43 28
200 34 151
1887 50 50
6682 49 18
8940 50 152
2336 63 163
10105 57 146
3353 38 77
331 52 127
399 67 3
9139 26 167
8068 47 47
5340 40 57
1943 49 14
5115 41 34
9327 65 37
8254 67 37
1237 42 50
7384 55 75
5086 66 65
1654 54 39
2685 30 171
354 39 156
587 32 151
7482 68 120
8605 48 114
6881 57 158
2390 40 107
5346 37 69
9545 32 17
2218 16 15
8677 63 103
611 58 152
5762 59 160
6800 17 43
3276 48 101
8170 41 73
2369 28 114
9403 45 33
1669 34 11
6919 56 173
3823 57 16
5287 40 149
8855 46 153
2008 55 162
3438 35 115
1067 42 118
1380 65 1
5189 61 135
4089 49 69
170 61 22
6646 68 41
2643 44 110
4721 22 98
9861 71 75
2589 47 106
2365 58 73
8195 60 74
6233 60 150
3998 47 143
3740 29 56
1620 21 157
4897 61 6
4694 52 74
4968 32 16
5142 58 29
5750 44 28
5459 46 47
3458 62 57
7231 54 164
1314 31 143
3407 70 29
7704 34 106
3008 41 49
9942 53 150
1707 43 45
9504 29 143
10044 63 100
7283 38 41
2726 48 74
972 45 102
5254 33 135
7048 43 46
5716 53 149
890 57 173
3924 42 86
8815 56 140
6340 45 149
8428 27 145
8106 59 74
7275 48 1
754 23 151
627 29 45
1853 47 168
4358 44 54
1326 72 140
1480 41 165
6532 20 33
8363 43 124
8520 30 171
809 58 49
6118 45 10
6475 28 11
642 27 98
3633 27 31
2144 41 49
4512 31 100
571 56 165
3646 16 133
6038 60 93
7081 23 8
8835 26 16
8926 67 28
7347 45 8
99 31 28
1965 49 71
9383 35 61
760 62 31
444 46 104
4664 61 43
8165 26 145
6590 52 105
884 21 12
6787 38 148
7820 44 11
6266 42 43
3517 43 103
1847 68 49
6435 54 11
8647 58 30
716 56 42
3457 65 18
6587 38 18
2543 42 109
7262 65 109
6673 62 143
3245 30 150
6044 55 103
8073 36 67
280 33 9
6298 39 74
5416 45 109
2565 20 9
945 61 109
67 21 30
2526 60 165
2486 31 99
2786 41 160
9129 56 61
329 47 108
5190 37 109
3190 32 30
737 43 164
2710 41 14
2485 47 20
8552 55 130
6575 43 68
9657 41 71
837 51 159
9585 29 15
6955 42 93
9997 36 16
791 27 100
7163 32 132
2101 50 171
1553 32 16
7183 37 80
7383 59 98
4679 37 119
663 41 93
1807 45 100
5468 67 49
2894 41 43
10085 32 157
4373 62 43
8248 54 46
9126 56 29
1562 58 26
8149 62 152
9765 26 45
5909 34 150
7089 40 147
4494 66 108
946 28 98
6293 49 70
8468 60 86
2993 69 146
6465 49 165
9009 46 157
2184 52 112
8077 45 107
954 54 153
3129 30 155
4925 33 31
3749 60 168
9404 62 101
5856 45 117
1202 46 29
916 63 107
8075 45 30
8298 46 150
2669 61 34
733 70 112
5542 29 81
8429 49 36
5836 29 135
1011 42 93
5374 55 74
9098 55 45
9102 33 87
9787 58 49
6885 39 83
3453 59 24
447 30 150
2150 37 113
7573 27 57
3654 56 100
3409 58 101
5179 42 44
8990 48 74
1519 58 43
5643 39 45
2839 51 150
7085 31 170
9121 31 151
7978 66 127
1757 66 72
416 46 27
3961 59 65
6775 44 9
2615 49 124
9087 50 68
9195 50 170
7354 23 114
5439 25 87
3979 31 94
1359 30 107
1816 49 17
4329 42 32
6678 44 119
6978 46 55
2223 34 112
7460 59 173
8750 57 67
1283 64 164
5027 47 88
9558 42 41
9600 52 94
1627 46 91
6905 26 140
6238 37 86
4773 54 164
6671 37 11
873 57 84
2117 72 172
940 36 155
762 30 56
9677 59 142
6776 39 55
3982 46 108
4800 38 90
414 44 31
1749 41 98
7194 45 47
1442 28 145
9047 31 142
7744 31 145
624 35 83
9280 31 140
8274 40 150
1378 32 18
9372 44 127
6139 51 35
7430 49 100
2829 52 1
5838 57 101
6416 31 32
6508 52 3
3610 47 117
6393 48 26
5401 69 29
2593 46 158
802 44 15
1498 56 15
4625 38 139
3093 45 94
4789 62 123
8617 43 31
9810 64 13
1047 55 65
5122 49 18
1930 52 149
944 50 17
2871 56 86
7596 67 42
2577 57 134
6034 58 78
2465 55 170
3771 34 15
10176 28 148
8238 54 22
5528 66 43
323 36 106
4675 41 12
6697 27 20
3748 52 130
4986 66 123
5181 30 135
4134 63 148
3895 39 45
4926 45 36
7859 55 152
8689 32 73
2112 50 73
4399 62 150
2966 46 83
4379 38 12
5905 51 99
9807 54 31
9433 35 146
2212 28 55
8389 50 50
6445 35 160
1290 46 49
8989 46 147
9417 69 112
8924 60 3
2725 49 99
856 41 27
4432 59 19
9140 26 30
4551 23 56
2665 23 164
2118 35 146
10164 53 47
7134 34 9
7267 68 109
7734 61 34
9860 50 33
5022 28 23
2081 29 152
7386 32 68
1366 30 93
529 32 106
9233 30 145
5481 65 15
10068 68 94
8535 40 164
7620 42 31
3430 52 34
7549 68 49
828 52 168
5678 49 31
618 58 37
9926 37 45
8271 33 29
522 56 112
4791 39 30
5740 47 40
3242 59 80
6983 54 125
7626 30 151
5953 57 142
1875 59 126
2591 48 40
1346 30 62
6505 38 126
9773 62 153
4513 41 146
9321 70 36
7475 45 3
9 36 104
7647 55 27
7388 31 20
4380 33 9
510 39 109
8947 73 144
2370 60 149
2910 36 29
1198 61 74
4327 50 107
9427 66 151
6137 61 69
8522 38 164
5073 42 103
2940 44 69
5040 30 154
5940 50 150
9395 38 83
9770 33 149
272 50 112
305 53 129
6861 53 19
4958 43 107
4042 43 97
230 33 122
340 41 166
6180 33 113
1724 45 37
1 47 114
7890 47 12
6743 68 144
8419 54 19
1288 60 71
1004 30 21
6958 28 162
35 43 135
6325 34 22
519 35 134
5441 70 82
7784 47 99
4927 42 119
1677 33 56
5533 35 94
4580 37 87
5785 46 171
5495 36 87
9130 48 124
3685 49 127
5719 36 73
2503 33 93
5482 48 82
3024 51 148
2459 47 14
860 40 94
3140 44 31
8742 45 21
7945 69 157
9987 24 11
7 31 94
5146 50 75
412 47 78
4479 51 165
5151 44 109
2529 61 106
4171 37 66
7180 18 16
5932 35 68
1783 43 49
5099 44 86
4447 17 134
5433 48 32
1636 45 0
5077 47 107
707 36 140
7830 47 75
109 47 129
4878 58 45
3819 40 109
388 29 148
4746 14 153
8711 63 50
3584 44 75
1316 65 164
960 32 74
7763 40 79
914 56 164
739 69 104
2327 29 45
6377 55 153
8790 45 86
9866 39 114
9563 61 48
1393 46 27
1125 24 11
2614 59 45
4898 43 147
436 28 157
4782 21 109
2759 25 122
6226 32 149
7156 24 0
2052 67 173
310 37 6
1978 71 123
5837 71 2
2627 23 130
4564 30 67
9756 42 81
3238 70 84
1087 28 31
10215 31 27
8720 25 129
6518 45 0
947 53 63
6434 62 153
350 42 161
9778 31 100
5281 63 55
8686 43 134
7144 48 134
3530 37 159
178 35 44
8833 38 87
138 49 40
9063 30 35
5519 55 122
7904 33 160
2711 61 68
1499 64 38
4055 59 18
3577 38 172
3509 42 16
5382 62 164
1325 43 67
7849 64 10
9007 56 94
7527 52 134
7233 46 105
9978 38 144
9950 68 120
949 55 28
3408 51 31
8163 72 98
9148 37 48
8353 27 97
10200 36 149
7164 31 56
8015 48 33
7341 29 96
2995 41 80
6065 54 163
484 50 30
3743 45 145
7880 59 57
7503 47 94
5390 57 149
5590 47 125
882 43 67
10152 45 105
9263 60 74
6753 45 135
6182 22 23
1426 51 63
7132 57 146
3828 66 127
2818 30 12
8051 33 87
2549 23 122
303 53 68
6429 39 110
3171 38 134
3108 41 62
7614 57 139
10030 54 9
5654 51 19
9795 37 153
3930 58 63
870 23 151
1408 63 130
9316 62 1
4573 21 135
7893 44 48
132 52 97
5501 57 34
9988 34 94
5228 63 11
7019 44 129
6865 32 55
2108 72 17
7330 40 157
6789 64 32
1960 36 157
5428 26 15
7396 29 132
8440 40 94
7188 39 106
9096 48 94
4181 56 168
8079 23 137
3687 41 93
5925 27 12
536 52 18
4144 60 57
9733 54 56
5331 67 87
3087 32 45
6447 41 146
7779 34 29
8082 30 94
8290 28 55
5770 50 139
86 53 148
4454 44 61
2239 41 46
3449 36 110
7679 35 6
1221 41 19
5892 62 146
9652 34 98
7621 26 1
9954 47 94
1587 49 100
7853 53 19
4500 37 6
3919 51 17
1256 53 130
371 67 29
3554 24 95
9618 58 21
1485 25 160
1572 27 145
9996 58 101
5614 59 27
803 53 127
5782 47 167
6972 42 116
9624 50 40
5197 59 91
1238 33 94
963 50 141
5680 66 115
6350 30 99
4096 20 101
2214 36 37
4956 62 89
2987 51 66
5712 57 28
5978 31 102
10062 31 28
9890 38 54
6327 65 151
7061 31 107
3287 51 16
9339 23 67
8008 38 134
2222 51 167
6779 50 135
8798 36 21
8364 37 149
2556 32 83
4884 42 45
8650 41 85
3454 70 145
7151 54 130
4064 29 23
4159 38 106
4892 31 165
7857 48 103
4107 46 105
7047 29 30
5867 26 10
3377 22 8
2129 22 99
5773 43 106
3397 45 56
6583 54 65
5876 45 112
2209 44 62
4298 39 162
6942 45 87
6312 46 124
8765 44 120
7001 41 166
4653 42 32
985 57 75
6104 61 167
5832 24 83
8848 63 146
1990 60 117
660 61 38
1927 19 112
179 33 125
166 48 141
5070 58 106
3946 61 154
5656 57 107
1296 41 135
6126 47 147
2561 48 73
5986 57 125
2662 40 109
31 48 114
6620 44 6
7018 46 125
3039 52 129
6553 41 167
7752 43 146
7067 43 32
2758 62 4
2842 32 89
6279 49 17
6716 35 109
7682 38 9
5015 49 18
5354 47 26
732 48 15
430 35 143
9846 40 126
2064 40 36
9056 40 122
2807 47 162
6352 47 146
7506 31 109
7950 59 165
7943 34 43
6670 54 146
52 43 38
5125 55 17
6092 16 45
5065 44 50
10233 52 43
8566 45 104
9851 51 18
2531 22 173
6009 45 172
9306 53 47
625 67 52
3072 22 160
7479 47 104
5700 37 12
3330 48 68
8515 39 114
382 52 65
22 58 101
1225 57 112
1603 43 18
367 32 127
3877 23 6
3959 68 48
8450 36 107
5551 60 19
9005 72 14
6512 50 19
8565 62 68
1292 71 81
6579 51 5
3616 47 135
1289 29 20
1655 37 100
1478 69 64
9518 39 122
3777 62 153
8905 34 41
2690 30 100
115 62 34
2089 49 45
23 58 76
9692 41 36
3911 29 101
7080 42 141
7946 58 29
1205 44 30
7690 64 26
4470 44 60
9030 64 18
1716 29 14
1508 47 49
1883 64 142
90 40 125
5295 65 32
5322 48 146
2215 64 2
4911 63 120
7425 36 107
6151 45 15
3249 52 162
7127 47 146
6252 36 143
5240 20 170
1565 45 106
5898 47 115
379 60 42
9021 48 110
1229 72 142
1931 43 33
7093 35 15
5081 30 19
6346 36 132
5530 29 6
279 30 99
2769 24 7
719 50 118
5397 26 18
6568 43 146
76 61 12
1937 61 59
9587 59 157
3803 46 12
8589 56 106
9581 33 45
8965 35 93
1581 37 101
2515 28 33
8803 42 133
9180 72 1
1015 27 56
3838 46 99
485 13 16
6170 49 37
5829 41 35
5059 29 110
5172 42 54
7962 31 16
4750 48 109
3658 47 134
2483 50 157
4699 46 94
5075 59 32
9958 50 37
9830 40 130
1945 28 133
9666 33 155
5939 52 68
1846 39 50
3754 46 157
2919 37 48
1645 44 112
5004 30 33
8832 41 106
7020 43 161
3693 39 36
3199 54 146
7659 28 0
1120 51 157
6486 57 93
8717 31 45
6286 49 0
8095 39 140
2458 39 87
5827 55 170
8501 28 67
8620 59 59
1867 61 47
2161 50 29
7730 28 151
6677 58 164
4685 53 40
5175 22 169
2332 29 36
5097 47 104
2972 26 127
9609 40 28
8209 53 101
1434 53 93
6270 35 30
3057 60 103
7969 55 120
9067 58 173
10136 50 5
8777 48 149
3602 65 30
4238 69 173
10046 47 52
5618 36 33
7936 42 123
4363 31 56
6195 52 29
8466 47 166
2781 47 104
5936 63 139
5108 58 148
8937 33 107
9933 38 151
8455 69 22
9489 62 36
4918 41 156
3372 45 146
4846 44 164
669 41 87
8850 54 165
6314 39 27
353 51 99
9043 66 172
2258 22 43
3271 49 31
853 38 147
7701 66 130
6471 29 67
1427 54 43
2372 50 135
2743 34 173
3323 42 125
1844 35 6
4552 26 151
6917 54 128
9203 53 37
6613 57 12
6081 64 65
5223 48 160
8681 47 55
1968 33 151
7385 25 0
8080 56 162
9375 61 98
10053 46 155
5263 52 68
913 35 123
9850 62 78
6759 62 56
5958 46 129
1410 40 6
5474 39 119
2979 38 10
4166 32 8
9272 39 114
2507 20 10
1386 32 94
2288 53 100
1808 38 152
5904 43 93
10195 44 49
3990 39 152
7631 34 45
5955 59 45
2159 32 148
2553 30 56
9041 38 134
4167 42 94
3357 55 86
1379 59 107
3783 45 147
7728 31 28
3560 29 15
2704 50 164
8628 44 99
7478 61 127
7858 58 99
1387 41 100
6760 66 160
4471 43 26
8621 38 20
4936 57 111
8831 37 28
1207 51 56
4330 63 113
1423 73 5
1204 27 56
6072 40 15
1102 46 67
5883 50 71
9862 36 81
2946 35 6
2281 24 12
2309 56 105
2663 45 27
6604 47 166
871 64 120
4774 44 125
6814 40 45
5718 60 32
859 36 96
6559 63 50
2278 42 20
3146 44 112
4287 32 160
6723 21 130
5591 33 16
5922 58 16
9526 34 9
2653 16 57
7224 23 57
5765 52 160
8137 36 57
8344 47 154
6544 22 152
804 46 67
7949 52 34
3805 54 135
1383 52 46
5324 27 114
9813 47 59
5278 47 165
7052 46 46
6722 46 73
7325 23 106
2354 19 97
5945 50 96
1608 64 114
8540 33 87
6225 64 146
2720 30 146
3891 26 30
5259 47 140
9092 37 109
3443 51 86
1490 36 149
6918 26 79
911 44 129
7610 45 57
9819 51 165
5196 40 81
5330 50 99
3432 40 150
6229 50 35
2889 40 73
1093 54 159
5547 58 6
9704 67 145
7823 36 86
5477 60 144
4994 31 55
3957 21 134
6664 60 15
783 53 43
1066 48 110
6100 29 23
1507 45 152
9079 52 74
657 40 43
2434 60 32
1866 45 42
3029 45 23
3617 28 152
2151 35 171
8629 38 46
6768 54 168
6610 43 157
1374 47 45
4001 64 29
10058 56 66
6198 37 172
4992 67 102
4053 61 107
7345 63 45
2796 38 171
8463 26 151
4006 52 68
1076 40 125
8594 20 22
7595 40 146
5747 67 56
7407 48 98
9301 55 43
1503 40 45
1185 55 83
7203 52 125
3326 45 8
1208 54 119
2053 60 37
380 57 144
7951 43 15
2747 58 43
141 36 106
8838 52 71
9205 47 44
1277 40 67
9608 49 102
4434 31 30
1103 46 8
5053 65 3
9421 41 109
6734 54 40
3440 18 9
2149 43 73
10010 47 33
7523 32 150
7245 70 48
557 68 149
4939 30 122
3064 15 128
1996 54 145
7674 40 14
10095 34 72
3366 51 99
9293 43 165
3388 39 104
5735 30 27
8481 37 95
2959 74 117
1659 48 43
4509 51 168
2592 55 100
609 62 75
9891 66 164
8505 37 149
4404 66 149
2866 56 65
7217 51 112
4356 27 67
7318 14 127
4838 62 155
7329 32 152
4403 34 149
8477 49 43
1062 53 22
1675 36 143
7640 27 55
5677 33 150
6699 32 16
1057 60 62
8408 54 156
4713 26 145
10163 44 107
3467 34 49
5794 27 104
7796 31 56
88 62 11
9938 47 9
9671 54 46
3062 56 32
2646 34 31
3334 33 89
6369 30 16
7368 34 143
2381 53 148
1055 53 168
9057 40 43
9187 61 125
2021 39 73
2776 31 43
4643 53 29
2447 55 162
51 39 93
10056 23 55
8986 56 43
7896 39 57
5427 27 56
6030 27 106
3612 69 31
9948 53 120
111 63 37
277 38 16
6628 65 38
3383 29 151
7454 27 94
3354 35 30
10089 34 56
2947 59 120
9392 53 43
5205 70 69
8578 58 83
7510 32 56
551 20 15
723 32 114
4924 36 37
6148 47 149
6997 53 127
3155 41 56
5256 54 135
3695 66 36
512 42 16
1701 31 99
4332 38 100
273 61 103
3268 41 171
2102 68 149
9973 27 151
8936 28 21
2773 20 57
8143 34 145
9013 34 23
10047 25 150
7438 52 164
9980 47 130
1281 60 32
3620 42 146
1236 36 56
5066 60 80
7960 38 20
4230 44 98
5045 29 18
10192 49 128
7781 53 99
8326 48 6
10172 48 109
7087 65 165
7706 36 109
2298 44 167
283 31 171
4 42 13
6222 46 136
2641 60 26
5600 46 45
8931 45 146
7439 57 93
2480 54 104
6560 72 4
8018 38 24
1514 55 145
9463 65 112
3237 39 82
2269 45 46
3835 41 68
727 33 83
9374 45 112
7876 65 28
2692 30 93
6474 47 41
6076 42 79
9296 42 123
6556 47 160
5523 39 125
3488 42 87
8078 45 39
3859 22 134
4947 29 132
8259 63 0
1540 52 2
4164 34 27
813 51 31
6580 38 81
10211 36 124
107 64 98
7922 44 126
8673 72 2
1932 47 81
3081 53 19
5321 41 19
1357 48 122
8962 34 155
9491 34 11
5834 49 152
4609 46 21
4354 54 129
6188 24 20
9709 36 43
9175 41 109
1944 26 56
5996 64 84
9886 56 160
3168 26 43
337 57 143
3613 29 6
6135 38 82
6427 41 71
6562 41 23
1250 36 152
8825 53 164
3738 68 80
7290 56 164
6895 53 1
1832 43 125
2197 42 28
718 42 104
3714 56 171
3165 52 47
2628 39 146
6667 45 87
10111 64 72
3233 39 15
6679 57 101
9487 38 8
1440 43 143
4780 66 37
3313 42 73
9642 64 23
8636 43 22
4661 27 45
6469 58 101
4438 39 151
735 35 65
10162 39 167
6872 46 124
4900 58 120
9328 32 10
1688 39 107
4792 63 167
4475 49 16
3135 62 153
3888 39 9
44 40 30
938 46 89
351 35 107
3796 64 48
3588 53 164
8230 54 97
5757 37 8
4596 48 46
1497 35 109
4268 34 56
3417 44 15
1456 33 171
4813 51 46
1695 54 149
7592 30 99
9369 27 114
2476 45 171
1632 33 69
3371 65 43
10084 54 120
7395 56 0
8231 55 106
6960 62 98
3248 47 153
6294 36 11
5215 39 79
1217 26 151
731 28 28
3865 68 2
6611 39 144
5119 61 106
218 34 86
7375 43 7
2475 32 122
9592 42 41
6739 35 2
7981 43 107
4932 47 5
1531 36 119
2657 43 31
5239 26 15
4815 19 15
4086 62 33
6152 51 45
1855 46 166
3931 25 155
8342 53 35
6941 49 173
6087 51 122
5960 56 137
7581 28 93
7875 36 155
4182 40 6
7534 28 56
459 41 171
4990 40 86
3627 45 27
891 64 75
1633 55 4
9579 26 18
1506 30 39
838 34 19
383 58 128
6531 46 171
3661 46 68
6283 37 67
3868 54 1
169 46 114
6285 64 112
4933 43 153
3784 60 173
5942 50 117
2737 62 57
5878 40 123
8240 50 1
7665 70 102
5407 31 97
258 43 73
1878 34 3
7135 40 167
5578 59 137
84 60 109
7539 44 45
1085 44 46
4216 30 30
2389 39 5
812 56 128
9708 38 2
9018 43 146
9674 55 168
4904 33 12
910 65 84
6660 69 138
3187 71 121
8626 30 16
7572 54 166
1744 50 6
8954 53 149
1331 28 102
5052 45 146
2095 46 41
9868 41 11
3532 21 45
6724 39 147
284 39 12
4305 66 27
3657 28 104
10238 41 18
8915 58 126
1714 51 106
7927 61 140
7201 41 141
4348 22 94
9042 50 76
5659 55 93
7119 33 17
186 44 30
213 47 12
7540 49 155
3184 41 150
8533 69 162
7714 30 145
3399 55 49
2514 43 6
7442 26 59
547 45 160
9751 62 162
2540 32 5
630 40 11
2626 52 33
8183 67 129
1713 22 56
5828 65 101
3902 42 80
2815 63 98
6408 68 59
752 61 113
6515 62 42
3278 24 67
8277 63 87
3347 29 145
3583 19 45
742 37 47
10076 52 113
8247 29 40
7422 25 1
1566 50 34
6887 34 150
6136 40 80
9809 33 125
4554 70 69
3380 64 171
10227 36 143
9181 65 11
6404 50 23
5001 36 156
8893 55 26
5311 31 28
6638 41 6
1175 61 169
4692 38 93
6181 51 143
9199 27 80
8662 35 29
3648 30 87
2906 56 72
4794 52 43
5943 24 45
4054 25 56
1338 55 66
9242 24 130
6061 40 160
4312 47 104
3175 37 59
4777 46 116
2254 50 129
1691 48 109
10224 70 114
6050 40 62
7791 43 99
3456 60 12
7836 51 114
8003 36 164
8146 42 121
4154 70 13
9471 40 119
5378 49 149
3381 44 126
6666 64 85
7002 39 155
8348 47 27
3424 47 73
3032 61 118
4431 22 153
5704 36 81
1201 43 66
1690 46 30
2471 63 61
8612 36 22
1903 50 21
7181 36 100
6621 41 34
1576 39 106
6280 62 43
7968 50 43
9793 56 145
9133 43 121
64 28 56
10137 48 32
4712 67 101
5062 46 53
7321 29 129
7206 65 170
5236 31 85
4264 66 124
2630 36 101
9435 70 144
8341 34 6
2859 47 145
9045 45 148
2419 50 82
3270 62 45
4109 37 107
5991 45 18
3147 49 37
5529 27 56
3322 52 100
10159 65 89
9698 39 110
6484 30 19
2962 48 36
6622 61 37
4645 32 151
9100 26 44
2611 65 60
5339 26 125
2183 70 46
1834 30 126
7831 57 149
4019 73 67
1829 63 113
9588 58 169
1838 38 47
1588 36 160
1607 48 157
2530 39 30
7390 37 122
6301 36 121
5491 25 135
9049 43 122
2598 45 104
2383 33 171
2876 51 69
1619 33 109
6892 32 109
966 43 104
8706 46 154
10214 32 45
185 51 79
2462 46 55
2433 27 8
4317 24 67
2347 62 38
6411 52 43
7063 31 15
4543 27 86
10116 20 87
858 41 138
2366 25 161
1897 32 135
6624 63 8
3364 56 120
1926 54 17
6190 44 30
8795 56 152
7138 21 114
1476 56 65
2074 30 147
3163 64 17
5545 26 164
1100 44 45
472 34 45
6816 27 113
6980 25 53
10223 57 18
1460 38 109
7032 52 77
6541 38 126
2573 71 101
2848 37 27
311 36 144
8960 41 29
4062 35 101
9333 43 124
4740 58 29
1763 39 122
5981 29 100
4041 44 15
2612 65 71
8670 31 6
5437 32 36
8114 60 84
6047 32 18
1304 48 146
8979 54 145
6488 28 100
6033 38 135
8044 63 11
6524 37 55
9832 28 42
4310 33 134
5653 63 5
7532 39 32
3269 63 90
8974 29 171
8987 58 21
7865 52 50
3442 60 43
5275 32 42
3061 53 122
4036 51 71
8381 63 141
8745 63 149
3605 41 17
3058 32 3
5344 38 146
1232 57 79
5554 46 45
7669 36 156
552 33 16
3595 33 135
7111 34 109
4253 32 33
5886 40 94
9085 52 68
5714 61 86
6179 41 122
7569 67 121
808 37 160
1905 47 86
304 48 167
7270 37 30
934 42 59
9399 49 49
7869 45 109
1155 61 119
2207 48 56
1458 59 140
6708 39 94
5362 33 19
6809 54 152
1539 30 32
9998 45 119
9969 33 11
7924 52 29
7268 51 15
1902 42 109
10048 56 100
6507 27 6
8716 42 24
4617 42 94
8723 33 157
2608 72 104
999 27 3
3491 60 53
7077 48 96
6343 34 157
2267 60 74
7877 41 67
753 47 14
3498 43 173
9208 38 11
8611 62 32
665 26 22
7017 47 107
9826 34 151
5541 43 125
5900 61 64
5896 56 160
743 60 74
9947 31 27
7998 23 67
6028 47 72
1101 69 151
8442 58 112
8424 57 149
9232 30 125
1239 46 18
1188 48 49
2755 60 138
10059 34 16
10052 37 83
3436 39 47
5235 42 164
4272 57 18
8179 53 36
2026 45 7
7715 62 109
398 50 18
5699 52 152
9922 64 109
728 58 32
9508 41 6
1773 55 165
6798 28 150
3338 34 130
3766 52 164
7848 32 154
3958 27 9
1828 50 9
1561 61 3
3302 22 3
1743 33 94
7732 45 5
1272 33 87
8687 39 14
3392 24 93
4558 31 120
6115 28 151
8841 64 164
5845 44 109
6619 60 148
4560 41 83
1792 32 6
7530 64 160
6215 53 168
8245 63 109
3091 49 121
3968 35 129
826 30 20
2341 34 109
9068 40 16
6353 40 112
2035 30 122
3529 30 147
7251 33 49
825 39 122
6497 36 86
1563 55 18
4009 37 6
2280 60 109
6870 63 48
3329 53 11
3004 68 144
1214 48 94
3850 44 29
9289 47 168
9811 30 109
7187 50 40
6714 41 108
4222 58 65
6388 37 99
6055 64 67
4510 60 120
366 57 72
1033 50 157
8861 33 123
1008 37 4
391 22 134
8818 50 18
3811 45 153
6815 48 135
7237 32 94
6430 42 109
2289 50 77
4382 32 134
4180 67 4
2667 30 134
2502 49 90
8040 47 173
3945 43 132
5933 60 37
389 57 41
7472 52 75
9542 66 137
4795 36 150
777 40 139
2392 43 54
6772 29 45
1511 43 73
4930 34 143
9477 58 86
8826 32 140
6123 54 63
226 37 149
7333 36 7
5438 62 118
9591 57 125
5967 69 105
4771 41 53
167 62 82
7336 41 68
1197 46 15
3447 23 160
3842 27 67
5242 50 44
1392 66 146
135 57 27
2794 56 8
2729 61 172
5361 59 162
8934 46 82
2454 47 17
3954 28 94
5777 36 31
15 73 84
3028 38 16
262 30 10
285 40 104
555 29 145
4038 50 157
4295 52 128
4117 34 134
8480 27 106
7198 33 28
8891 45 30
1072 60 99
7683 51 134
573 44 87
3852 38 44
4853 34 162
9798 67 141
7026 57 153
1525 49 141
1548 40 72
1432 33 93
1742 56 114
145 26 27
843 61 74
5212 48 101
4014 44 77
4834 59 75
4840 63 170
9690 40 15
8877 44 81
6129 52 63
6935 43 129
5634 48 11
3574 53 0
2224 45 72
1892 26 157
10065 53 6
8213 48 49
3994 47 105
4297 35 125
3180 56 72
9503 38 93
2717 42 58
7046 61 5
9510 30 43
8435 61 169
3751 34 81
1907 48 116
420 33 57
4923 45 100
3608 27 135
7377 57 26
3925 37 114
165 35 29
6345 36 171
5250 25 12
5573 33 130
5338 44 105
4802 37 20
8006 71 108
5233 63 41
1278 29 102
1309 53 107
6938 38 94
3510 35 89
7380 30 82
2542 31 16
578 34 166
3157 23 42
3023 51 30
8181 62 15
4453 42 31
1263 38 109
1876 27 56
2521 53 7
1160 39 119
6858 40 134
4508 36 134
9273 29 145
5559 64 118
8524 34 135
7993 64 84
5934 47 57
2141 26 18
4189 42 157
9117 53 167
9919 62 57
6899 63 112
8741 50 101
1643 62 171
7012 50 48
344 34 94
6168 34 68
6827 36 71
3649 59 107
9721 33 34
4632 54 145
5865 33 102
6 43 75
4690 34 162
6453 36 145
3145 25 93
1315 17 8
5351 63 30
8623 37 27
4267 47 152
4177 35 47
2193 41 142
4227 27 68
6719 40 12
318 39 30
5297 52 20
4577 54 81
1755 58 86
6825 29 68
4728 63 56
5035 31 117
1570 42 120
1527 31 8
5691 49 112
514 43 114
4504 41 31
9410 67 141
2176 59 94
1287 37 62
9848 50 134
5039 36 94
2326 21 20
9071 32 59
1107 64 28
8308 56 1
2548 33 143
9903 68 37
3563 35 125
6197 38 163
7780 24 141
8099 36 166
5647 61 18
9312 30 138
5424 45 149
7160 31 100
409 32 12
6641 54 45
4571 48 158
3006 38 102
6231 64 57
8976 46 93
2787 60 164
3822 37 69
6466 51 101
3239 22 18
8549 50 1
5349 49 15
7537 57 87
3746 30 84
5403 30 171
7107 44 66
7989 66 97
9481 55 98
4515 29 67
5021 38 151
4856 35 135
9962 67 37
2980 47 109
2809 63 130
345 51 94
2757 26 107
3439 51 154
4067 65 102
7413 38 109
2421 32 109
3412 51 41
1575 29 145
9735 50 149
9792 67 59
1133 21 34
1535 51 158
1890 38 107
96 44 151
6032 48 40
4860 33 19
5608 42 80
216 30 83
5723 48 93
3545 34 81
3133 61 47
1329 48 44
7630 56 98
8516 36 109
3484 46 91
10229 46 130
2262 32 48
9405 65 101
1784 45 119
2256 28 14
8398 71 172
4223 37 86
1986 39 95
4244 24 18
4221 54 99
9070 45 122
5176 27 0
7985 44 66
5352 27 94
9246 46 146
761 31 11
4507 57 17
3845 59 145
3435 54 50
9003 36 135
9630 40 160
686 43 37
10114 42 146
418 50 147
8208 48 74
7125 54 128
462 47 106
1001 56 12
9002 46 28
4529 31 143
1330 62 83
2897 40 130
6868 21 55
3700 33 104
8633 25 151
8671 37 20
9629 34 11
2915 40 19
7966 43 5
4982 36 164
8483 68 50
8805 30 35
9805 43 100
2892 37 27
4863 49 46
3666 53 5
6418 49 20
995 53 128
4983 38 106
3466 63 60
8250 48 84
4228 29 16
2172 35 140
1966 32 31
9981 41 173
5308 26 151
6005 44 36
4945 36 135
5711 50 148
3641 33 148
8939 51 29
9982 36 20
4790 34 112
9276 41 71
6985 54 39
8882 32 145
1573 52 31
3769 66 13
1135 66 130
7897 43 73
6444 46 171
4397 46 102
1560 28 43
5026 47 119
1446 34 73
7335 43 83
6696 53 78
6778 59 119
7653 59 82
119 46 153
6412 41 58
10134 31 155
1254 46 65
8910 52 69
4176 39 18
6537 48 14
2240 29 152
6702 48 153
7202 71 139
6513 56 173
9493 37 143
3349 21 140
6323 26 56
10169 71 149
9945 49 102
705 39 108
8334 52 9
4406 33 157
6455 40 125
5298 62 160
7536 66 54
5788 46 18
5130 66 151
7215 44 15
4845 40 28
1698 39 67
5525 45 45
9620 24 1
2878 55 1
7305 66 49
2319 35 99
3524 65 52
3515 70 14
5502 50 146
2468 64 144
1350 19 117
202 48 171
5949 42 152
10178 29 134
4351 58 45
244 52 31
6649 35 18
8011 37 107
1220 31 43
7297 72 84
2148 42 106
7356 45 13
8266 49 167
4033 33 141
8458 45 56
404 36 143
9144 31 28
9060 49 165
3045 33 6
9766 31 122
4322 50 53
8022 22 109
2266 48 147
605 40 100
6629 38 45
2268 45 14
8439 46 39
6956 52 104
8981 42 93
4861 48 46
347 60 120
7878 61 27
8982 40 107
1774 39 72
1373 18 9
184 43 19
7096 28 146
8500 51 10
6804 51 149
5652 47 81
3786 47 152
8089 26 56
7123 65 36
8320 34 148
3406 35 55
7667 33 65
434 48 39
4607 57 128
4021 63 5
7424 43 32
3286 25 43
8464 43 107
5520 30 11
6456 59 29
1495 39 152
3761 67 173
7727 68 106
2181 36 81
4031 49 91
3327 38 93
5325 37 160
8864 16 83
975 40 94
883 42 11
1638 40 125
5805 23 63
3531 27 35
7731 36 82
2867 55 103
7348 47 19
3705 47 82
5772 51 104
6691 43 167
2996 31 152
10075 53 125
5968 53 26
7559 50 62
3898 34 100
478 70 164
3886 41 117
9267 14 97
7910 62 106
6951 45 80
6835 49 121
4656 47 87
9628 28 117
3131 30 17
5068 54 112
691 35 95
4457 39 147
5194 56 123
4742 52 29
7374 43 43
9225 47 6
6757 45 143
7721 61 32
5037 21 18
829 28 143
5984 52 11
9691 32 171
6886 48 49
4047 34 11
7990 35 94
3547 61 32
5005 67 60
2642 25 149
580 39 114
7238 44 101
7563 43 106
6654 34 94
3680 43 31
294 49 152
5627 43 107
10141 56 102
789 20 106
5394 29 128
6017 50 149
10218 39 160
895 38 39
4922 62 162
4550 60 33
3144 40 122
5535 31 145
9362 39 0
9870 42 56
6419 68 149
9986 36 21
3025 24 130
6894 61 28
6183 43 165
3116 39 115
6310 53 105
4604 39 108
7965 36 45
9347 54 159
535 35 150
1224 28 158
4483 37 133
6086 60 51
6302 32 48
9349 22 157
8640 68 90
1060 38 155
10140 41 6
10208 61 67
1024 51 131
10128 34 164
9738 71 170
4747 54 13
9509 38 80
2941 43 166
513 66 120
8730 35 32
4868 54 158
1121 37 159
7756 59 124
4309 50 125
2202 62 164
2858 50 134
7832 52 102
9406 34 100
181 71 104
69 70 137
4251 66 105
9505 24 18
7907 24 19
5421 50 109
9402 53 45
6901 56 72
6264 22 79
3711 61 47
9803 38 134
1176 32 32
320 34 69
368 32 16
6988 55 4
4536 53 14
6807 28 87
5360 48 129
4502 39 30
6720 33 104
1676 52 164
6315 29 43
5358 53 45
6715 28 110
2788 40 68
3875 25 45
8108 44 138
4394 50 45
559 36 1
1388 49 165
4474 52 81
5370 26 55
1880 24 134
9847 38 107
9893 32 12
2090 42 140
7838 36 1
4991 17 127
5651 47 145
3708 27 61
3791 39 143
7054 36 161
6201 41 56
3732 58 156
4693 31 22
4155 49 14
8624 49 112
4660 36 130
3321 52 167
10182 37 154
4385 60 144
7095 65 160
8376 60 13
5930 56 37
16 54 109
4439 49 153
4412 30 93
7433 36 29
4487 29 129
114 46 155
1884 69 28
7964 62 45
2358 63 140
3856 42 143
6990 41 43
7418 30 21
6780 67 130
9648 33 65
3840 43 18
703 36 27
5 24 43
4409 43 30
9685 33 6
261 38 85
7220 54 94
4286 25 156
998 39 147
3662 39 40
159 34 67
5486 56 78
8024 45 8
4486 25 133
3920 48 129
93 27 119
4835 53 56
6915 55 103
9315 41 145
3428 29 29
1449 31 146
7811 36 112
9764 51 93
317 39 14
7209 72 93
9859 49 161
3938 67 32
8550 36 129
7051 51 149
1550 33 30
2013 44 44
10153 41 126
483 31 31
5766 68 143
562 44 28
7145 53 20
2469 55 148
3197 53 72
8667 70 62
795 51 167
7514 45 101
7445 27 55
9780 19 106
6873 43 94
5650 37 152
3941 40 11
10009 65 39
10167 32 106
1389 33 100
192 34 94
1327 47 134
1058 47 143
6992 37 123
6959 43 152
4440 51 142
1404 62 114
8100 41 94
7642 65 71
5937 30 15
6648 61 90
1109 38 98
5749 39 17
706 65 46
4629 52 118
5907 59 107
822 63 162
2932 29 90
2617 32 109
3741 22 94
4090 41 155
1921 36 172
4637 31 146
4239 35 20
964 46 146
1913 50 42
8224 64 100
1174 51 104
97 41 151
9444 50 101
4341 52 91
3121 56 55
6939 40 141
6130 28 125
5252 48 159
1843 34 117
7169 40 83
6725 40 140
9616 55 30
2888 19 145
385 58 30
7889 46 163
9822 23 56
8619 26 112
6333 20 16
3765 39 93
9243 30 15
1218 26 67
4414 35 167
666 49 1
3737 56 93
3452 60 94
4279 62 66
7006 54 170
6902 54 116
5511 43 29
7657 31 56
4874 35 132
3234 38 99
2610 49 164
5152 51 155
4313 43 106
8722 30 143
2801 49 45
8975 44 23
7696 55 2
4816 62 139
3047 36 74
4131 60 0
9275 58 93
8901 52 33
2609 48 28
1025 65 35
3903 44 55
8557 42 140
7782 30 146
744 39 106
2785 40 152
5106 39 122
5096 44 101
2761 39 104
8473 56 31
48 40 34
10194 38 146
4648 42 172
9934 58 47
919 67 172
9446 41 25
3880 42 93
9240 37 93
1728 36 57
9676 52 171
4723 61 164
986 53 154
5548 51 148
7687 57 103
10148 41 124
3566 32 94
3247 41 5
5456 35 55
33 42 123
2833 43 135
682 38 6
10115 67 23
424 43 80
5914 34 94
8592 51 161
2933 38 162
6869 32 151
7293 45 99
9782 66 167
5632 49 6
9216 45 12
3348 70 16
3400 47 27
5089 40 19
3684 42 109
2283 37 15
5043 61 15
4141 44 96
6849 68 38
5343 31 152
82 30 19
3296 56 70
983 48 73
1544 66 83
1618 28 151
7122 40 30
6878 21 38
5443 69 42
2307 51 59
7817 63 144
9432 40 173
9040 43 93
5797 39 107
4400 33 105
3836 62 148
8596 28 27
7004 41 57
9972 33 16
9611 42 30
2153 66 21
1482 59 10
8655 59 14
270 63 59
3781 31 37
3591 55 165
5778 25 160
9455 61 33
2754 44 14
921 39 110
5110 29 173
3863 54 166
8402 40 140
1211 31 133
3077 38 107
9749 27 107
6581 49 29
9389 30 15
7411 48 68
1579 43 72
2625 22 168
10093 40 160
5379 32 109
8375 45 49
6449 39 47
1592 54 0
479 53 76
8314 44 20
3317 55 93
849 51 45
10061 50 5
8413 55 171
6221 44 86
4416 32 19
7023 33 87
4413 43 46
2423 42 101
4219 36 68
8894 32 109
10171 34 135
3709 55 67
824 61 45
3628 42 173
6403 62 144
3142 41 94
8038 38 109
393 46 4
7973 66 170
3663 65 146
7099 43 68
688 30 105
3041 54 160
9266 40 128
2130 44 37
6896 38 167
3463 15 43
4276 23 170
4195 22 8
2032 33 146
2722 55 94
7196 50 109
6395 61 32
6376 49 121
5681 36 15
8331 50 83
3120 52 67
8256 30 109
2040 39 87
6385 62 150
9577 48 100
1613 30 153
6358 46 42
3940 32 109
8148 56 32
603 53 146
1002 53 109
4730 39 43
1888 53 172
927 50 60
6717 45 35
9286 38 151
2837 48 62
5887 63 145
5674 53 76
3759 32 19
969 36 147
6970 60 112
9269 36 19
1558 43 19
839 58 4
4635 48 36
8648 36 171
6149 66 173
2265 61 74
4788 30 109
2666 54 157
4803 37 147
1973 33 115
25 37 55
6856 31 8
8147 38 16
3486 30 43
3035 33 55
6150 47 74
9107 66 98
2929 50 164
9571 59 154
5387 26 94
1178 47 123
10145 50 119
8784 43 94
8462 44 31
9916 44 16
2978 35 30
8000 56 102
1035 47 93
538 44 100
292 59 67
4370 63 113
8873 29 67
8448 34 55
6782 67 43
2189 41 107
7152 40 20
6703 51 74
3792 54 68
696 21 171
4357 41 52
3804 24 155
207 59 165
912 46 112
4672 46 146
807 46 123
9249 33 93
3834 63 84
333 20 151
3703 35 107
4719 54 0
7447 44 94
620 46 132
1699 60 32
1987 61 94
8343 59 102
835 51 75
422 52 154
8654 37 94
988 61 29
1614 30 121
6316 42 101
6492 59 90
9357 33 67
1090 45 48
1347 27 132
10188 33 139
1156 65 161
4206 16 145
1007 37 103
3220 34 86
3867 49 38
8884 54 28
4684 48 19
1099 51 72
817 59 56
7239 45 65
7695 39 67
4598 36 154
4839 27 57
1465 48 109
5010 38 47
8808 42 94
9845 48 93
10121 33 5
6690 35 105
5446 43 68
6311 33 86
6796 60 112
3643 29 45
2377 36 139
3538 64 9
8635 41 64
7884 53 15
3785 45 109
7899 32 168
1977 40 15
66 41 107
6379 44 29
5350 39 18
6599 53 114
1179 41 45
5057 42 7
2244 65 102
3706 28 107
4242 46 32
8906 55 172
9525 47 152
2388 61 18
5642 19 112
8799 30 107
4665 48 109
1649 36 1
1468 43 166
543 50 55
439 62 86
2916 40 57
4757 45 42
3878 39 148
4130 34 112
7847 56 31
958 37 103
7705 35 167
1879 39 100
6888 35 20
4490 43 96
6916 32 15
7476 35 57
5792 32 151
4762 46 143
1826 30 11
8700 57 5
2636 44 36
1065 72 65
3537 30 151
8141 52 7
4384 50 19
9279 32 62
5127 34 36
3049 34 164
7101 40 79
8525 60 21
1115 49 150
584 65 162
72 49 149
5715 25 93
763 42 119
6467 41 29
3764 33 155
5710 35 143
2304 32 83
2305 36 155
5894 43 67
5113 50 18
17 62 155
10177 24 134
9837 48 114
4245 45 45
7349 27 151
10039 50 145
3328 39 101
7240 29 63
9342 66 0
2286 37 0
1737 52 98
6147 34 151
158 29 11
3470 71 37
7367 32 109
2944 52 36
9476 55 7
10100 69 66
7725 66 36
2264 34 24
8919 64 84
7699 57 167
9723 31 150
4531 36 93
5602 59 161
8304 68 50
8420 37 73
676 20 57
4854 58 149
5753 48 90
1891 60 165
4686 48 65
8869 34 20
970 30 99
5754 38 107
1969 26 87
1136 31 16
2828 50 117
8497 24 12
2777 36 31
10020 67 82
6830 31 77
9156 43 171
1917 30 56
5131 49 24
9772 31 102
7332 25 67
3704 24 100
6075 46 57
34 50 44
1401 56 165
7117 45 154
6577 45 68
8498 42 38
9667 37 168
9536 35 107
4696 58 103
2719 59 29
7821 60 139
8558 40 37
2496 48 36
4864 50 99
894 54 79
7597 27 109
3022 41 6
1758 22 112
3218 53 49
2523 61 43
4919 32 28
9492 62 68
3228 39 46
378 39 43
2896 31 93
7112 45 86
9639 46 19
3468 61 64
7862 32 127
8391 54 48
6819 58 155
2012 48 120
4277 71 48
7170 52 45
5102 51 18
432 70 100
3404 60 33
5046 39 45
6239 63 104
3314 55 84
6331 35 156
5672 48 12
6706 42 98
8027 44 135
5686 63 121
528 36 134
7906 36 81
1549 45 87
2681 29 144
4575 35 145
9044 58 50
339 45 47
6066 29 33
9084 39 118
471 55 107
3912 57 26
8774 62 119
2349 34 123
5536 48 107
7100 38 3
5813 44 87
2093 40 155
5775 40 93
5211 50 65
9283 22 140
223 69 67
5404 55 39
2122 46 160
7887 42 95
1406 36 98
1463 38 28
5852 39 12
6242 26 159
8394 27 115
5831 43 23
4969 39 80
7009 23 139
4599 33 146
5518 67 94
6867 59 37
1775 41 152
3730 31 6
6052 46 80
5963 40 101
8129 35 122
8663 52 44
2279 25 149
9380 28 43
8729 56 120
5399 38 30
3229 44 12
831 40 160
3056 44 10
9915 69 67
4112 34 109
6361 41 160
1976 70 151
9469 56 103
1760 45 151
9222 26 55
4973 41 38
3585 65 124
9640 59 99
6616 34 22
900 37 30
8630 33 12
5791 62 171
5771 43 146
9754 30 85
7648 62 37
49 40 31
392 30 159
1948 55 96
358 31 93
1868 43 2
8608 52 29
3421 56 148
1005 36 74
9461 36 34
5371 61 74
8523 48 40
637 25 67
278 33 5
6952 39 93
5604 30 107
3806 44 130
7161 54 28
6354 26 48
1504 61 151
6643 39 75
1923 50 9
5874 28 10
8478 55 123
4549 53 61
7786 54 122
5625 26 18
889 43 168
4644 49 18
8664 41 43
7575 44 172
9514 27 122
9927 60 89
9171 33 56
9408 47 106
6258 47 6
9625 55 81
540 36 112
9901 45 19
2861 39 134
2494 39 57
8154 50 109
9214 46 42
4967 58 144
1625 40 64
4717 44 100
4501 41 74
5811 47 45
7257 58 23
7845 52 6
3723 50 164
903 47 24
8258 50 0
1295 41 27
6842 41 28
7421 37 164
4848 36 143
9298 23 67
2376 48 146
2816 65 143
8813 61 43
2564 44 97
1415 39 127
1781 36 45
7043 60 101
7323 35 110
5816 68 103
3425 67 52
8395 39 37
8951 40 134
3148 36 125
2619 66 145
1018 72 65
7726 43 46
6141 53 101
1354 38 150
38 28 151
8538 33 117
4668 60 120
3074 34 104
9194 34 166
4578 44 72
6203 73 49
8922 49 28
9522 45 65
6292 69 102
8618 36 72
301 53 87
4186 16 122
5861 42 6
1394 38 86
6145 46 135
4492 52 130
9065 43 68
5913 65 173
7254 67 30
8927 47 86
8046 68 14
2798 59 57
4063 52 129
2003 43 100
6756 32 6
1583 54 6
1957 43 107
4618 46 99
2473 54 157
8056 36 143
4700 69 128
445 58 44
3376 32 96
5931 45 148
9785 25 108
503 35 43
4907 66 18
5395 52 102
9590 20 99
468 31 10
4533 48 92
3533 33 57
381 53 40
3716 52 17
6073 30 171
1898 58 171
8870 50 21
5444 50 72
3970 51 70
10112 45 104
4658 44 29
9307 60 25
1158 71 158
4695 39 83
8295 49 122
1510 72 27
4755 66 5
2985 37 148
5104 59 153
6567 41 106
6826 33 86
6969 61 42
3837 49 98
9006 65 136
9940 62 172
9479 39 119
1820 51 102
5302 41 142
5648 48 170
8994 45 72
5497 37 45
9170 70 29
8225 34 167
9923 62 90
7451 27 56
3853 33 36
9621 48 28
5682 39 148
2522 57 87
6784 50 166
6547 52 72
8267 37 36
10087 61 74
2638 48 94
4727 37 81
7473 36 107
9662 42 100
1954 34 93
7717 48 164
7098 65 170
6029 33 114
7477 29 151
5202 29 93
572 61 90
6407 32 143
4393 32 24
2436 15 45
7894 57 135
8384 40 36
3789 40 98
219 64 100
5713 36 164
8194 31 102
2509 33 43
4258 49 37
2416 35 160
73 33 104
5956 55 60
5649 50 32
9124 45 87
9898 41 112
9179 46 84
8262 34 83
5628 47 28
7371 53 85
6059 26 74
6862 61 164
6241 45 134
7860 45 6
2765 31 56
1772 38 17
1297 27 160
8127 44 120
7131 62 67
7226 37 138
6112 57 117
3065 61 120
6854 38 157
456 63 148
6463 44 90
9529 30 66
8978 43 100
1151 54 5
10024 24 135
6425 62 104
3606 37 109
2622 69 106
517 32 5
4465 49 125
9955 59 18
6909 50 98
5812 55 18
9899 38 46
7516 45 148
3153 26 9
2313 50 145
10002 49 21
3250 51 158
3539 47 4
8360 58 102
3267 45 139
2945 65 45
922 45 102
3778 52 21
2453 38 50
8319 50 65
3128 51 41
9753 42 94
2952 28 83
9572 44 109
4111 63 109
5063 59 6
5490 28 30
2435 51 48
3977 34 94
9892 71 170
1865 59 170
4974 35 97
4605 40 109
724 40 19
7580 41 74
9771 42 110
1053 49 29
5555 36 6
8627 52 109
5336 28 68
9069 55 6
3707 55 149
2727 49 106
2299 37 105
8514 28 159
2481 44 95
1233 38 31
8868 50 21
5206 29 8
7611 55 0
467 35 146
500 33 155
5064 41 65
10006 67 104
8964 67 89
1719 35 43
1052 64 22
5508 27 45
8890 49 31
7263 53 45
2490 53 94
5579 64 80
4083 65 160
6384 46 126
1711 54 162
1567 36 19
6007 32 151
1117 50 18
2171 38 17
1811 40 73
188 42 148
8425 39 109
4262 38 157
5776 63 171
8132 20 145
8830 43 168
6080 25 56
3422 41 31
8531 40 43
628 52 162
3664 36 93
7248 49 86
5074 45 153
7410 35 106
1604 36 67
10019 45 114
4799 48 73
8819 34 80
2563 44 103
3141 52 49
9447 41 105
5116 67 3
4075 46 56
5857 59 125
8736 67 72
5908 39 37
8597 61 21
7792 31 82
8135 26 131
4256 36 135
3551 60 65
6119 57 45
9274 39 93
8929 52 126
4430 42 53
6008 41 81
6018 48 5
3721 65 156
6031 56 150
7363 51 22
2706 60 69
2402 61 101
6711 44 165
2898 63 17
9257 67 48
877 67 72
1010 30 87
6187 58 29
758 69 19
276 59 108
9593 33 27
1731 59 86
2046 52 153
6674 66 30
5846 45 81
8839 48 49
2353 32 66
3645 29 95
4199 61 109
6255 42 110
3051 36 36
8761 59 143
2186 66 85
7526 35 5
6015 31 151
5445 50 16
8255 53 115
7500 50 160
2691 59 19
4707 38 8
8488 47 46
9331 40 142
2618 62 66
2143 31 28
6297 52 146
259 55 164
6754 56 48
5661 31 95
4417 32 140
6341 42 87
5587 36 6
6443 48 74
2864 53 114
769 60 93
3100 28 93
4627 30 101
3299 29 135
6822 58 114
4920 37 81
8392 41 171
3614 46 91
8309 29 5
8499 44 33
9218 31 171
9431 40 150
7157 66 130
8935 22 144
906 29 18
5178 65 34
585 42 14
722 35 89
9448 38 114
9238 38 151
3173 44 132
6269 29 106
2989 24 143
1893 28 152
4921 27 109
501 53 99
1016 33 165
7908 49 8
4572 49 30
10209 33 47
1040 36 94
7919 48 149
3378 45 20
4365 30 30
981 49 7
9867 45 45
9687 52 171
3821 39 46
6523 44 35
5038 60 143
3464 45 61
6875 36 143
7457 50 14
2953 45 109
6214 49 149
1709 40 146
3005 39 151
3331 58 61
6431 48 96
9841 56 99
7261 50 164
7939 50 44
4772 37 151
4110 57 55
9416 27 130
8065 37 155
5531 48 50
6740 40 119
9445 40 75
5702 42 50
6746 26 151
4029 69 24
7088 30 83
2211 57 130
5180 66 83
3943 55 123
4584 52 167
10205 41 112
612 69 116
4674 35 79
7842 59 34
2065 30 6
5803 37 57
4174 45 153
3198 55 131
4824 63 171
10174 62 41
1294 60 143
2208 40 5
6259 21 153
5466 65 160
10099 48 1
6068 67 102
4369 35 37
2348 46 40
6838 27 0
8532 32 164
7866 71 106
4729 47 140
5266 52 4
6244 40 147
2470 54 147
9309 26 151
5954 58 8
10079 27 99
5504 36 171
3042 59 45
10129 39 172
3794 22 171
1812 51 18
5493 67 44
9854 46 101
8508 63 46
7307 47 156
4002 58 74
7886 55 11
324 40 104
8872 27 112
8570 40 1
6737 56 120
6548 56 4
5901 36 147
530 59 29
488 58 50
9434 35 19
2500 38 103
635 59 168
3978 44 15
2986 22 160
751 65 134
6237 47 98
8660 40 6
736 16 130
8972 37 143
2623 59 16
9120 55 114
2956 39 73
3034 32 155
1413 46 27
524 44 43
8820 53 7
289 34 122
1376 45 94
2243 68 16
8345 36 158
6491 65 29
3114 23 27
10054 55 59
1983 68 103
2768 20 17
8246 34 73
458 22 12
4615 31 147
6549 45 23
7150 52 46
6462 32 45
7431 35 99
6698 60 106
7957 45 83
5527 30 137
5406 55 82
5132 49 146
3482 48 164
9036 60 50
6043 48 149
5552 31 134
2893 16 49
9136 60 86
1305 49 31
7808 41 93
7286 62 67
10199 70 103
6272 37 160
4779 38 129
81 43 81
5596 32 6
8881 68 105
9255 50 112
9538 56 143
313 28 94
8669 36 93
8086 57 71
7166 45 154
1720 65 146
144 50 68
7072 42 20
863 22 16
1741 64 103
8801 33 112
6109 49 120
7986 43 145
2274 37 15
9185 52 47
4841 48 65
4207 29 95
1080 57 36
1715 54 29
6442 40 47
9442 25 93
8330 63 120
4344 52 146
9058 27 99
792 55 119
3461 62 155
8112 32 126
8324 50 87
7778 48 106
2018 52 36
9713 31 18
2588 25 85
3083 32 56
4567 44 166
717 53 42
8491 45 59
74 33 6
8310 34 102
2201 42 148
2812 47 16
5049 68 6
5534 55 148
3092 44 146
2363 57 164
182 52 102
7584 63 24
10032 66 167
5965 59 32
2041 61 47
2793 30 27
2344 28 162
7291 44 147
8257 46 85
1195 55 62
3947 30 157
3078 36 154
451 35 12
554 53 37
5213 43 80
9418 55 149
1500 40 79
3418 32 154
2229 52 136
6851 47 103
9710 40 47
8953 32 93
4162 23 155
2770 53 101
8707 41 28
9523 64 90
189 47 166
5019 36 139
3544 30 49
8646 52 40
7688 63 15
7639 31 6
4161 61 0
7210 61 99
8899 45 7
3701 28 121
1429 64 7
1827 52 101
1623 34 111
3476 24 109
7366 59 144
2083 61 109
5048 22 89
5369 51 31
4586 63 108
9143 41 172
8293 43 103
5577 32 155
4091 71 29
5155 46 50
453 45 103
3857 36 147
4478 27 45
5906 35 128
7260 63 170
5484 30 152
6374 37 120
9125 49 37
5310 31 152
9466 41 28
3543 46 145
8555 37 46
1261 51 29
469 61 84
8725 44 22
7393 67 87
8302 41 167
1988 37 112
6501 46 89
3450 48 36
6846 51 129
6981 23 12
7441 40 167
3984 38 160
7364 47 125
6309 54 47
5521 50 44
8682 32 36
9566 33 17
6336 29 109
3717 46 170
797 30 142
5662 68 62
1925 28 109
8322 49 46
7562 59 43
4140 57 125
2340 27 55
9393 35 41
3209 49 45
2778 40 99
9295 57 37
7230 27 45
5020 51 112
1721 39 81
9437 68 19
3403 31 152
1863 43 120
4642 34 40
6006 42 31
5840 70 48
9762 47 0
437 44 12
7153 13 131
3802 63 144
7977 50 109
274 26 104
1050 40 74
4179 43 15
10094 58 98
2086 64 103
3437 36 105
905 49 27
4959 32 127
1355 39 29
3915 31 171
1363 46 87
9911 24 66
8710 35 44
372 39 35
9706 49 21
6517 41 162
6450 36 43
8921 26 149
7309 55 30
4754 31 130
7864 46 109
6866 24 93
3183 46 125
3972 15 59
6684 48 114
8676 30 41
9877 58 143
7711 50 126
672 64 57
2368 55 56
9820 27 10
9575 33 93
4972 46 94
5806 63 14
4333 55 63
7005 56 68
7428 28 28
6900 52 24
2885 27 94
5739 58 49
2497 62 73
4579 62 45
8269 35 94
3966 37 14
5760 30 100
2873 21 133
1578 26 83
6364 33 149
1279 39 162
2524 56 0
1340 44 47
9451 54 19
1154 51 105
95 61 112
9742 48 40
6171 26 94
5056 47 23
1308 56 111
4594 47 99
6178 35 140
5841 64 105
2407 42 157
564 62 16
2231 49 22
757 30 112
4376 55 18
7007 46 168
1836 54 87
1651 43 122
12 47 67
2188 60 94
5460 50 70
8923 49 82
2843 44 43
821 38 164
5572 49 6
8494 50 125
410 68 106
9340 43 166
9857 60 21
6605 34 30
646 29 45
6330 49 144
4061 42 109
2287 60 0
8446 37 109
10180 29 109
9994 52 73
3332 54 106
4614 26 30
160 45 56
4308 59 155
1182 38 86
2752 61 45
4173 25 20
5307 47 111
2364 43 45
4236 29 72
3815 64 131
8887 61 95
8649 28 27
3393 47 6
7014 33 107
4081 59 160
9290 56 95
3992 29 154
5268 49 13
9999 28 103
10027 33 19
832 65 31
4557 65 48
793 60 98
865 36 99
8172 61 32
4669 17 14
6335 33 16
7771 18 5
4233 38 98
9425 46 160
3138 33 122
937 51 88
4196 54 13
5582 64 84
4187 54 157
5436 29 151
7743 39 21
982 57 164
2825 36 15
8751 37 114
6095 37 124
6771 30 57
2789 47 164
8434 43 153
7352 45 155
1523 51 130
37 47 57
2116 59 151
1679 40 110
2007 48 44
9812 37 114
956 32 36
2429 35 6
2580 40 135
4003 50 147
7358 21 127
8678 26 87
6459 42 132
3414 47 86
3905 56 168
2442 59 85
7038 46 123
1835 42 74
9695 48 0
2328 61 49
4364 51 141
8846 48 71
2967 52 11
146 29 56
678 63 68
9775 29 100
7670 44 166
7578 50 128
21 37 45
5452 50 158
3795 35 121
10041 28 131
8824 70 74
3534 49 65
8802 53 37
1577 36 171
1516 48 127
2293 39 16
7720 31 95
1929 64 34
7518 42 124
1496 51 72
8816 61 165
3387 50 13
2132 32 56
2581 25 139
4997 66 30
2895 55 62
6516 66 118
7376 32 105
3294 33 45
3263 49 18
820 51 151
2984 56 45
6296 35 132
1384 42 98
4539 61 31
4423 26 132
7544 61 20
2700 57 46
7583 29 122
4546 42 115
9015 41 45
7846 31 106
241 37 151
5345 52 122
10133 40 134
942 38 4
2664 21 130
3182 64 103
5304 54 75
5042 55 56
3401 62 79
5264 53 159
1148 34 72
39 62 17
4289 36 9
6791 41 102
2206 36 20
9086 37 99
2386 32 56
8577 45 171
1026 41 156
457 14 44
6592 49 158
1702 48 146
976 58 76
1802 51 20
3813 35 94
5463 42 121
2949 42 56
2374 44 73
7066 35 6
6533 34 6
9613 38 130
4569 32 160
2771 44 146
8632 50 54
9411 35 160
1264 43 104
8171 43 43
6607 62 152
5487 49 44
4184 53 86
7888 44 46
6561 50 87
6653 58 166
9921 36 63
8773 38 81
2019 40 6
6665 69 131
7576 60 45
8297 45 19
1617 65 162
4783 60 36
1639 63 72
1028 53 150
1621 51 67
266 39 6
7065 40 107
1472 42 108
4235 38 34
7577 36 66
4395 34 37
5388 32 21
3997 34 102
3862 48 55
7975 48 123
565 62 17
5168 36 44
7086 36 16
1765 40 17
3579 55 101
4767 26 27
1348 30 27
1356 35 147
2248 62 0
10066 52 53
7229 32 150
7553 62 129
9467 41 11
2595 22 34
6308 46 149
492 66 143
4537 32 30
6267 62 49
5426 58 143
3265 33 99
7258 47 50
8732 64 27
2030 45 31
7337 43 124
3831 42 45
4965 15 15
7060 29 56
5193 61 10
3111 40 53
4805 30 147
8747 57 49
3174 62 143
4680 67 39
3262 60 94
1128 39 105
3876 48 115
4867 31 34
7265 45 160
6893 41 110
9053 37 157
7171 49 113
2981 54 37
2058 30 150
7058 53 102
118 59 155
1769 57 35
9975 61 12
2782 36 110
7176 23 145
2080 50 31
6192 39 118
1131 34 56
234 37 146
9456 67 146
6208 34 11
520 40 15
6926 50 84
7746 65 39
9026 45 94
8737 27 45
252 37 6
8270 45 46
1262 64 171
6640 43 112
8192 51 151
384 31 27
4760 27 155
1644 32 93
9752 49 36
57 44 41
2135 49 89
1029 49 165
334 52 67
9387 51 93
5641 42 149
2652 58 126
2779 36 150
2924 48 45
697 49 20
6692 47 10
4058 26 72
4250 38 93
1416 49 43
3987 49 56
3191 42 109
2048 39 93
3677 52 122
4275 24 134
9971 49 67
6457 35 160
2478 20 146
5708 63 150
1959 45 160
8030 65 8
5024 42 130
570 65 45
4424 57 129
2620 36 96
2983 62 129
9584 66 84
4094 37 106
756 44 112
9688 49 139
2175 41 125
5006 41 94
9661 67 104
8379 45 17
8202 37 19
6172 27 146
2306 43 109
5091 60 0
720 33 56
615 54 90
5550 56 37
7920 52 45
959 67 8
4703 38 31
454 40 126
6623 33 99
8357 59 114
4498 39 81
5969 62 125
2443 60 30
474 39 104
7030 40 104
2650 49 129
9346 35 74
1022 50 128
4996 46 44
6500 51 117
7108 50 72
1845 31 75
1882 56 148
5489 63 18
7083 37 114
8767 41 5
8879 44 134
7928 30 93
8743 45 72
8415 47 167
9423 41 106
4461 58 109
6880 47 147
2049 53 106
9977 24 173
2294 40 73
3955 50 99
3423 39 171
341 52 121
8374 35 94
5684 25 36
1522 50 128
2219 36 129
4633 65 107
5112 45 164
5220 58 83
8787 36 151
7003 34 99
2656 59 109
6351 47 37
4778 28 135
902 41 114
10 44 6
9696 24 63
2359 69 152
3650 45 45
482 30 159
5858 55 74
2856 51 45
6812 26 134
352 59 155
356 50 84
9979 68 106
776 39 65
5979 38 19
103 48 118
798 39 143
3344 60 120
4169 36 100
5123 55 84
3359 64 128
3848 52 49
7298 27 100
6037 30 147
1228 48 127
286 31 145
8140 52 126
5796 32 12
9083 41 153
6700 54 154
3104 45 32
1574 47 48
6609 60 0
5376 61 12
899 33 6
8782 50 32
5843 34 95
4209 44 171
6035 44 146
8772 36 106
2850 39 20
8658 54 127
6245 45 78
6409 25 117
9580 45 30
5136 63 108
8060 37 81
3964 29 22
9878 45 89
20 31 116
5067 41 34
3985 43 46
9064 46 162
8338 27 71
9017 54 107
7649 72 90
9319 62 14
2599 54 18
7512 41 151
1419 58 67
1889 45 18
9732 54 34
8449 47 80
2554 37 146
3291 60 6
9699 31 160
1779 37 146
1949 26 10
9281 41 56
9650 63 83
6864 34 47
2028 64 172
3370 61 1
1791 65 2
221 36 129
2489 38 6
6496 46 44
9511 43 28
4030 64 27
852 44 20
6344 19 134
9869 52 6
8175 47 76
7810 45 119
10187 27 80
7212 61 32
3942 26 30
9051 34 125
3223 44 12
1663 65 105
6091 53 93
3460 47 17
3993 29 129
1916 46 10
2506 28 57
5473 28 6
3799 61 56
2156 34 133
4855 35 143
1280 35 140
3690 46 93
1226 26 157
7868 32 148
8908 31 125
128 57 66
6156 56 109
127 58 130
4045 50 148
2072 51 65
3516 26 96
4392 49 113
9271 55 138
126 56 105
1658 27 6
5624 48 72
2870 47 87
9551 53 1
7833 40 43
3812 42 45
3308 64 12
7436 40 100
8904 52 43
4198 30 158
1275 53 36
9081 45 40
9929 33 109
668 25 20
6013 54 94
3927 67 18
6166 71 139
4265 43 125
566 22 56
8196 62 170
7740 41 37
4888 44 148
659 46 99
6669 28 55
8323 22 114
9365 64 15
1850 34 74
7130 51 108
3177 44 16
2194 49 106
5606 30 112
5420 26 147
3960 71 48
8996 59 103
9589 31 151
8652 40 15
4591 60 0
1048 60 69
3405 57 109
7571 64 106
6845 64 154
7710 49 102
2746 33 55
2213 28 141
6436 51 148